3745487996.196085	-20.000000	-4.258500E-7	46964893.741928
3745487996.246953	-20.000000	-5.270500E-7	37947063.845935
3745487996.257913	-20.000000	-6.929500E-7	28862111.263439
3745487996.265890	-20.000000	-4.676000E-7	42771599.657827
3745487996.271873	-20.000000	-4.855000E-7	41194644.696189
3745487996.278870	-20.000000	-5.004500E-7	39964032.370866
3745487996.285838	-20.000000	-5.247000E-7	38117019.249095
3745487996.292819	-20.000000	-5.881000E-7	34007821.799014
3745487996.299845	-20.000000	-4.889000E-7	40908161.178155
3745487996.305814	-20.000000	-4.572500E-7	43739748.496446
3745487996.312763	-20.000000	-5.394500E-7	37074798.405784
3745487996.317752	-20.000000	-5.474000E-7	36536353.671904
3745487996.322742	-20.000000	-4.884000E-7	40950040.950041
3745487996.328722	-20.000000	-6.152500E-7	32507110.930516
3745487996.334706	-20.000000	-5.064500E-7	39490571.626024
3745487996.339692	-20.000000	-5.147000E-7	38857586.943851
3745487996.345679	-20.000000	-6.715500E-7	29781847.963666
3745487996.351661	-20.000000	-6.182500E-7	32349373.230894
3745487996.356647	-20.000000	-5.389000E-7	37112636.852848
3745487996.362630	-20.000000	-4.808000E-7	41597337.770383
3745487996.368627	-20.000000	-5.214500E-7	38354588.167610
3745487996.373601	-20.000000	-5.717500E-7	34980323.567993
3745487996.379598	-20.000000	-4.920000E-7	40650406.504065
3745487996.402562	-19.500000	-8.041000E-7	24250715.085188
3745487996.450634	-19.500000	-6.416500E-7	30390399.750643
3745487996.458374	-19.500000	-4.885500E-7	39914031.317163
3745487996.466618	-19.500000	-5.674500E-7	34364261.168385
3745487996.489580	-19.500000	-5.199000E-7	37507212.925563
3745487996.539465	-19.500000	-5.289500E-7	36865488.231402
3745487996.546657	-19.500000	-5.552500E-7	35119315.623593
3745487996.553597	-19.500000	-4.797000E-7	40650406.504065
3745487996.561414	-19.500000	-5.901500E-7	33042446.835550
3745487996.568498	-19.500000	-5.991500E-7	32546106.984895
3745487996.575673	-19.500000	-6.538000E-7	29825634.750688
3745487996.582674	-19.500000	-8.299000E-7	23496806.844198
3745487996.608646	-19.500000	-4.817000E-7	40481627.569026
3745487996.674417	-19.000000	-5.361500E-7	35437843.886972
3745487996.722999	-19.000000	-5.215000E-7	36433365.292426
3745487996.729956	-19.000000	-4.681000E-7	40589617.603076
3745487996.736939	-19.000000	-5.742000E-7	33089515.848137
3745487996.743279	-19.000000	-4.617500E-7	41147807.255008
3745487996.749909	-19.000000	-4.704500E-7	40386863.641195
3745487996.756886	-19.000000	-5.068000E-7	37490134.175217
3745487996.763885	-19.000000	-4.965000E-7	38267875.125881
3745487996.769162	-19.000000	-5.213000E-7	36447343.180510
3745487996.775840	-19.000000	-5.248000E-7	36204268.292683
3745487996.781835	-19.000000	-5.253000E-7	36169807.728917
3745487996.787816	-19.000000	-5.020500E-7	37844836.171696
3745487996.792956	-19.000000	-5.539000E-7	34302220.617440
3745487996.799769	-19.000000	-5.765500E-7	32954644.003122
3745487996.805754	-19.000000	-4.604000E-7	41268462.206777
3745487996.811754	-19.000000	-5.080000E-7	37401574.803150
3745487996.817727	-19.000000	-4.494500E-7	42273890.310379
3745487996.822731	-19.000000	-5.127500E-7	37055095.075573
3745487996.828719	-19.000000	-5.864500E-7	32398328.928297
3745487996.833680	-19.000000	-6.050500E-7	31402363.441038
3745487996.838692	-19.000000	-5.115500E-7	37142019.352947
3745487996.844650	-19.000000	-4.415000E-7	43035107.587769
3745487996.850635	-19.000000	-5.125000E-7	37073170.731707
3745487996.855621	-19.000000	-5.745500E-7	33069358.628492
3745487996.879563	-18.500000	-4.673500E-7	39584893.548732
3745487996.927428	-18.500000	-4.740000E-7	39029535.864979
3745487996.933449	-18.500000	-5.178000E-7	35728080.339900
3745487996.938439	-18.500000	-5.258000E-7	35184480.791175
3745487996.943388	-18.500000	-5.497000E-7	33654720.756776
3745487996.949407	-18.500000	-6.512000E-7	28409090.909091
3745487996.955353	-18.500000	-6.437000E-7	28740096.318161
3745487996.961350	-18.500000	-6.957000E-7	26591921.805376
3745487996.967321	-18.500000	-5.634000E-7	32836350.727725
3745487996.973332	-18.500000	-5.280000E-7	35037878.787879
3745487996.979298	-18.500000	-4.071500E-7	45437799.336854
3745487996.984279	-18.500000	-4.677000E-7	39555270.472525
3745487996.989265	-18.500000	-5.623000E-7	32900586.875333
3745487996.995247	-18.500000	-4.284500E-7	43178900.688528
3745487997.000234	-18.500000	-5.279500E-7	35041197.083057
3745487997.006223	-18.500000	-4.554500E-7	40619167.855967
3745487997.012202	-18.500000	-4.246500E-7	43565289.061580
3745487997.018186	-18.500000	-3.845500E-7	48108178.390326
3745487997.023172	-18.500000	-4.020000E-7	46019900.497512
3745487997.029155	-18.500000	-3.895500E-7	47490694.390964
3745487997.034142	-18.500000	-4.458500E-7	41493775.933610
3745487997.039130	-18.500000	-4.389000E-7	42150831.624516
3745487997.045114	-18.500000	-5.460000E-7	33882783.882784
3745487997.051097	-18.500000	-4.353500E-7	42494544.619272
3745487997.057081	-18.500000	-4.006500E-7	46174965.680769
3745487997.063065	-18.500000	-3.934500E-7	47019951.709239
3745487997.086003	-18.000000	-5.112500E-7	35207823.960880
3745487997.133877	-18.000000	-4.179000E-7	43072505.384063
3745487997.139860	-18.000000	-3.922500E-7	45889101.338432
3745487997.145844	-18.000000	-3.222000E-7	55865921.787709
3745487997.150832	-18.000000	-3.315500E-7	54290453.928518
3745487997.155818	-18.000000	-3.496500E-7	51480051.480051
3745487997.161802	-18.000000	-3.230000E-7	55727554.179567
3745487997.167787	-18.000000	-3.306500E-7	54438227.733253
3745487997.172772	-18.000000	-3.191000E-7	56408649.326230
3745487997.178757	-18.000000	-3.444000E-7	52264808.362369
3745487997.183743	-18.000000	-3.909000E-7	46047582.501919
3745487997.188730	-18.000000	-3.883500E-7	46349942.062572
3745487997.194723	-18.000000	-3.678000E-7	48939641.109299
3745487997.199714	-18.000000	-3.305000E-7	54462934.947050
3745487997.204686	-18.000000	-3.255500E-7	55291045.922285
3745487997.210670	-18.000000	-3.149500E-7	57151928.877600
3745487997.215658	-18.000000	-3.614500E-7	49799419.006778
3745487997.220644	-18.000000	-3.715000E-7	48452220.726783
3745487997.226627	-18.000000	-5.962000E-7	30191211.003019
3745487997.231615	-18.000000	-4.832500E-7	37247801.345059
3745487997.236602	-18.000000	-4.798500E-7	37511722.413254
3745487997.241589	-18.000000	-4.148000E-7	43394406.943105
3745487997.247572	-18.000000	-3.463000E-7	51978053.710655
3745487997.252558	-18.000000	-4.102500E-7	43875685.557587
3745487997.257545	-18.000000	-3.672000E-7	49019607.843137
3745487997.263529	-18.000000	-3.907500E-7	46065259.117083
3745487997.268516	-18.000000	-5.888500E-7	30568056.381082
3745487997.294450	-17.500000	-2.800000E-7	62500000.000000
3745487997.342324	-17.500000	-3.478500E-7	50309041.253414
3745487997.352297	-17.500000	-3.534000E-7	49518958.687040
3745487997.361269	-17.500000	-2.579500E-7	67842605.156038
3745487997.369247	-17.500000	-2.869500E-7	60986234.535633
3745487997.376229	-17.500000	-2.978000E-7	58764271.323036
3745487997.383210	-17.500000	-3.274000E-7	53451435.552841
3745487997.388196	-17.500000	-2.616000E-7	66896024.464832
3745487997.394182	-17.500000	-2.599500E-7	67320638.584343
3745487997.400163	-17.500000	-2.617500E-7	66857688.634193
3745487997.405158	-17.500000	-2.570000E-7	68093385.214008
3745487997.410138	-17.500000	-2.757000E-7	63474791.439971
3745487997.415124	-17.500000	-2.625500E-7	66653970.672253
3745487997.420110	-17.500000	-2.698500E-7	64850843.060960
3745487997.425105	-17.500000	-3.107500E-7	56315366.049879
3745487997.430089	-17.500000	-3.115500E-7	56170759.107687
3745487997.435079	-17.500000	-3.008500E-7	58168522.519528
3745487997.440063	-17.500000	-3.218000E-7	54381603.480423
3745487997.445044	-17.500000	-3.636500E-7	48123195.380173
3745487997.450036	-17.500000	-3.061500E-7	57161522.129675
3745487997.455025	-17.500000	-3.470500E-7	50425010.805359
3745487997.462002	-17.500000	-2.894000E-7	60469937.802350
3745487997.475961	-17.500000	-2.761500E-7	63371356.147022
3745487997.502890	-17.000000	-2.582500E-7	65827686.350436
3745487997.550762	-17.000000	-2.388500E-7	71174377.224199
3745487997.555762	-17.000000	-2.476500E-7	68645265.495659
3745487997.560734	-17.000000	-2.792000E-7	60888252.148997
3745487997.565721	-17.000000	-2.675500E-7	63539525.322370
3745487997.570708	-17.000000	-3.448500E-7	49296795.708279
3745487997.576694	-17.000000	-2.628000E-7	64687975.646880
3745487997.581678	-17.000000	-2.502500E-7	67932067.932068
3745487997.586667	-17.000000	-3.037500E-7	55967078.189300
3745487997.591653	-17.000000	-2.331500E-7	72914432.768604
3745487997.597637	-17.000000	-2.555000E-7	66536203.522505
3745487997.602623	-17.000000	-2.621000E-7	64860740.175506
3745487997.607617	-17.000000	-2.325500E-7	73102558.589551
3745487997.613594	-17.000000	-2.551000E-7	66640533.124265
3745487997.618580	-17.000000	-2.293000E-7	74138682.948103
3745487997.623575	-17.000000	-2.338000E-7	72711719.418306
3745487997.630548	-17.000000	-2.442500E-7	69600818.833163
3745487997.636533	-17.000000	-2.837500E-7	59911894.273128
3745487997.642515	-17.000000	-2.846000E-7	59732958.538299
3745487997.647506	-17.000000	-2.353500E-7	72232844.699384
3745487997.652489	-17.000000	-2.340500E-7	72634052.552873
3745487997.658473	-17.000000	-2.490500E-7	68259385.665529
3745487997.664457	-17.000000	-2.393000E-7	71040534.893439
3745487997.669442	-17.000000	-2.406500E-7	70642011.219614
3745487997.674429	-17.000000	-2.480000E-7	68548387.096774
3745487997.680416	-17.000000	-2.494500E-7	68149929.845660
3745487997.685402	-17.000000	-2.690500E-7	63185281.546181
3745487997.708342	-16.500000	-2.109000E-7	78236130.867710
3745487997.755217	-16.500000	-2.086000E-7	79098753.595398
3745487997.761225	-16.500000	-2.121000E-7	77793493.635078
3745487997.767186	-16.500000	-2.106500E-7	78328981.723238
3745487997.773386	-16.500000	-2.182500E-7	75601374.570447
3745487997.779330	-16.500000	-2.281000E-7	72336694.432267
3745487997.786345	-16.500000	-2.239500E-7	73677160.080375
3745487997.793285	-16.500000	-3.044000E-7	54204993.429698
3745487997.799098	-16.500000	-2.401000E-7	68721366.097459
3745487997.805174	-16.500000	-2.170000E-7	76036866.359447
3745487997.810070	-16.500000	-2.291000E-7	72020951.549542
3745487997.816235	-16.500000	-2.395000E-7	68893528.183716
3745487997.822231	-16.500000	-3.737000E-7	44153063.955044
3745487997.829021	-16.500000	-2.384000E-7	69211409.395973
3745487997.835001	-16.500000	-2.310500E-7	71413114.044579
3745487997.840162	-16.500000	-2.087000E-7	79060852.898898
3745487997.846968	-16.500000	-1.987500E-7	83018867.924528
3745487997.852952	-16.500000	-1.983000E-7	83207261.724660
3745487997.858094	-16.500000	-1.994500E-7	82727500.626723
3745487997.864077	-16.500000	-2.055500E-7	80272439.795670
3745487997.869909	-16.500000	-2.116500E-7	77958894.401134
3745487997.876165	-16.500000	-2.031000E-7	81240768.094535
3745487997.883888	-16.500000	-2.033500E-7	81140890.090976
3745487997.889865	-16.500000	-2.182500E-7	75601374.570447
3745487997.913836	-16.000000	-1.824000E-7	87719298.245614
3745487997.962667	-16.000000	-1.880500E-7	85083754.320659
3745487997.969655	-16.000000	-1.890000E-7	84656084.656085
3745487997.976623	-16.000000	-1.877000E-7	85242408.098029
3745487997.983672	-16.000000	-1.936000E-7	82644628.099174
3745487997.990636	-16.000000	-2.068000E-7	77369439.071567
3745487997.997643	-16.000000	-2.477000E-7	64594267.258781
3745487998.004550	-16.000000	-1.956000E-7	81799591.002045
3745487998.012672	-16.000000	-2.028500E-7	78876016.761154
3745487998.019670	-16.000000	-1.957000E-7	81757792.539601
3745487998.027487	-16.000000	-1.870500E-7	85538626.035819
3745487998.035698	-16.000000	-2.061000E-7	77632217.370209
3745487998.043447	-16.000000	-1.759000E-7	90960773.166572
3745487998.051702	-16.000000	-1.770500E-7	90369951.990963
3745487998.058646	-16.000000	-1.730000E-7	92485549.132948
3745487998.065609	-16.000000	-1.737000E-7	92112838.226828
3745487998.073601	-16.000000	-1.753500E-7	91246079.270031
3745487998.080344	-16.000000	-1.723500E-7	92834348.709022
3745487998.085333	-16.000000	-2.121500E-7	75418336.082960
3745487998.091655	-16.000000	-1.763500E-7	90728664.587468
3745487998.097616	-16.000000	-1.757000E-7	91064314.171884
3745487998.121569	-15.500000	-2.583500E-7	59996129.281982
3745487998.169266	-15.500000	-1.616500E-7	95886173.832354
3745487998.177379	-15.500000	-1.547000E-7	100193923.723335
3745487998.185066	-15.500000	-1.767000E-7	87719298.245614
3745487998.191293	-15.500000	-1.673000E-7	92647937.836222
3745487998.197191	-15.500000	-1.588500E-7	97576329.870947
3745487998.204015	-15.500000	-1.515000E-7	102310231.023102
3745487998.210001	-15.500000	-1.533000E-7	101108936.725375
3745487998.216979	-15.500000	-1.554500E-7	99710517.851399
3745487998.222964	-15.500000	-1.574000E-7	98475222.363405
3745487998.228069	-15.500000	-1.571500E-7	98631880.369074
3745487998.234931	-15.500000	-1.637500E-7	94656488.549618
3745487998.240918	-15.500000	-1.912000E-7	81066945.606695
3745487998.246899	-15.500000	-1.681500E-7	92179601.546238
3745487998.252882	-15.500000	-1.774000E-7	87373167.981962
3745487998.258885	-15.500000	-1.563500E-7	99136552.606332
3745487998.263991	-15.500000	-1.686000E-7	91933570.581257
3745487998.268854	-15.500000	-2.001500E-7	77441918.561079
3745487998.274849	-15.500000	-2.711000E-7	57174474.363703
3745487998.280809	-15.500000	-1.747500E-7	88698140.200286
3745487998.286800	-15.500000	-1.583500E-7	97884433.217556
3745487998.292776	-15.500000	-1.587500E-7	97637795.275591
3745487998.297888	-15.500000	-1.594000E-7	97239648.682560
3745487998.303767	-15.500000	-1.529500E-7	101340307.289964
3745487998.326685	-15.000000	-1.422500E-7	105448154.657293
3745487998.375559	-15.000000	-1.403000E-7	106913756.236636
3745487998.381664	-15.000000	-1.523500E-7	98457499.179521
3745487998.388523	-15.000000	-2.479500E-7	60496067.755596
3745487998.394517	-15.000000	-2.018500E-7	74312608.372554
3745487998.400488	-15.000000	-2.449000E-7	61249489.587587
3745487998.406549	-15.000000	-2.467500E-7	60790273.556231
3745487998.414733	-15.000000	-4.265000E-7	35169988.276671
3745487998.422431	-15.000000	-1.349000E-7	111193476.649370
3745487998.428673	-15.000000	-1.353000E-7	110864745.011086
3745487998.434650	-15.000000	-1.355000E-7	110701107.011070
3745487998.440712	-15.000000	-1.377000E-7	108932461.873638
3745487998.447726	-15.000000	-1.332500E-7	112570356.472795
3745487998.454637	-15.000000	-1.368500E-7	109609061.015711
3745487998.462677	-15.000000	-1.364000E-7	109970674.486804
3745487998.469615	-15.000000	-1.423500E-7	105374077.976818
3745487998.475563	-15.000000	-1.399500E-7	107181136.120043
3745487998.481276	-15.000000	-1.484500E-7	101044122.600202
3745487998.487413	-15.000000	-1.392500E-7	107719928.186715
3745487998.493293	-15.000000	-1.410000E-7	106382978.723404
3745487998.499511	-15.000000	-1.433500E-7	104638995.465644
3745487998.505558	-15.000000	-1.361000E-7	110213078.618663
3745487998.511498	-15.000000	-1.422500E-7	105448154.657293
3745487998.534472	-14.500000	-1.138500E-7	127360562.143171
3745487998.583001	-14.500000	-1.141500E-7	127025843.188787
3745487998.590239	-14.500000	-1.138500E-7	127360562.143171
3745487998.596990	-14.500000	-1.142000E-7	126970227.670753
3745487998.603964	-14.500000	-1.142500E-7	126914660.831510
3745487998.611924	-14.500000	-1.137000E-7	127528583.992964
3745487998.616919	-14.500000	-1.129500E-7	128375387.339531
3745487998.622894	-14.500000	-1.128000E-7	128546099.290780
3745487998.629874	-14.500000	-1.131500E-7	128148475.475033
3745487998.635870	-14.500000	-1.126500E-7	128717265.867732
3745487998.641861	-14.500000	-1.124500E-7	128946198.310360
3745487998.647845	-14.500000	-1.122500E-7	129175946.547884
3745487998.653811	-14.500000	-1.118000E-7	129695885.509839
3745487998.658914	-14.500000	-1.119000E-7	129579982.126899
3745487998.664789	-14.500000	-1.128000E-7	128546099.290780
3745487998.670774	-14.500000	-1.125000E-7	128888888.888889
3745487998.676749	-14.500000	-1.125500E-7	128831630.386495
3745487998.682744	-14.500000	-1.126000E-7	128774422.735346
3745487998.687900	-14.500000	-1.222500E-7	118609406.952965
3745487998.692728	-14.500000	-1.283000E-7	113016367.887763
3745487998.698872	-14.500000	-1.320500E-7	109806891.329042
3745487998.705671	-14.500000	-1.121000E-7	129348795.718109
3745487998.711655	-14.500000	-1.116000E-7	129928315.412186
3745487998.718638	-14.500000	-1.128000E-7	128546099.290780
3745487998.741709	-14.000000	-1.022000E-7	136986301.369863
3745487998.789694	-14.000000	-1.014500E-7	137999014.292755
3745487998.797427	-14.000000	-1.006500E-7	139095876.800795
3745487998.803776	-14.000000	-1.014000E-7	138067061.143984
3745487998.810392	-14.000000	-1.003000E-7	139581256.231306
3745487998.816726	-14.000000	-1.020500E-7	137187653.111220
3745487998.823745	-14.000000	-1.032500E-7	135593220.338983
3745487998.831705	-14.000000	-1.016500E-7	137727496.310871
3745487998.838317	-14.000000	-1.018500E-7	137457044.673540
3745487998.844306	-14.000000	-1.021500E-7	137053352.912384
3745487998.851605	-14.000000	-1.017000E-7	137659783.677483
3745487998.857269	-14.000000	-1.008500E-7	138820029.747149
3745487998.864628	-14.000000	-1.003300E-7	139539519.585368
3745487998.881521	-14.000000	-9.964500E-8	140498770.635757
3745487998.888501	-14.000000	-1.062750E-7	131733709.715361
3745487998.907430	-14.000000	-9.937500E-8	140880503.144654
3745487998.931382	-14.000000	-9.825500E-8	142486387.461198
3745487998.959369	-13.500000	-9.090000E-8	148514851.485149
3745487999.040798	-13.500000	-8.614500E-8	156712519.589065
3745487999.057731	-13.500000	-8.582500E-8	157296824.934460
3745487999.065709	-13.500000	-9.513500E-8	141903610.658538
3745487999.072717	-13.500000	-8.570000E-8	157526254.375729
3745487999.079674	-13.500000	-8.611500E-8	156767113.743250
3745487999.086697	-13.500000	-8.629000E-8	156449182.987600
3745487999.094646	-13.500000	-8.638000E-8	156286177.355869
3745487999.103609	-13.500000	-1.093500E-7	123456790.123457
3745487999.125712	-13.500000	-8.464500E-8	159489633.173844
3745487999.142509	-13.500000	-8.503000E-8	158767493.825709
3745487999.170750	-13.000000	-7.682000E-8	169226763.863577
3745487999.228428	-13.000000	-7.779500E-8	167105855.132078
3745487999.235593	-13.000000	-8.423000E-8	154339309.034786
3745487999.242573	-13.000000	-8.959000E-8	145105480.522380
3745487999.249516	-13.000000	-8.249500E-8	157585308.200497
3745487999.256540	-13.000000	-7.517500E-8	172929830.395743
3745487999.264536	-13.000000	-7.540000E-8	172413793.103448
3745487999.271462	-13.000000	-7.559500E-8	171969045.571797
3745487999.278145	-13.000000	-7.565500E-8	171832661.423568
3745487999.285406	-13.000000	-7.799500E-8	166677351.112251
3745487999.292420	-13.000000	-7.730000E-8	168175937.904269
3745487999.298094	-13.000000	-7.683000E-8	169204737.732657
3745487999.305391	-13.000000	-7.707000E-8	168677825.353575
3745487999.313388	-13.000000	-7.357500E-8	176690451.919810
3745487999.352946	-13.000000	-7.369000E-8	176414710.272764
3745487999.381868	-12.500000	-6.612500E-8	189035916.824197
3745487999.438712	-12.500000	-6.705500E-8	186414137.648199
3745487999.444697	-12.500000	-6.596000E-8	189508793.208005
3745487999.451676	-12.500000	-6.776500E-8	184461004.943555
3745487999.457667	-12.500000	-6.768000E-8	184692671.394799
3745487999.463684	-12.500000	-8.058000E-8	155125341.275751
3745487999.503721	-12.500000	-8.236500E-8	151763491.774419
3745487999.510520	-12.500000	-8.847000E-8	141290833.050752
3745487999.517735	-12.500000	-8.359000E-8	149539418.590741
3745487999.524717	-12.500000	-9.423000E-8	132654144.115462
3745487999.537743	-12.500000	-7.190500E-8	173840483.971907
3745487999.574625	-12.500000	-6.961500E-8	179559003.088415
3745487999.621556	-12.000000	-6.660000E-8	180180180.180180
3745487999.704212	-12.000000	-5.483500E-8	218838333.181362
3745487999.721162	-12.000000	-5.470500E-8	219358376.748012
3745487999.729410	-12.000000	-5.449500E-8	220203688.411781
3745487999.737350	-12.000000	-5.447000E-8	220304754.910960
3745487999.745093	-12.000000	-5.442000E-8	220507166.482911
3745487999.753072	-12.000000	-5.430000E-8	220994475.138122
3745487999.760050	-12.000000	-5.423000E-8	221279734.464319
3745487999.769024	-12.000000	-5.416000E-8	221565731.166913
3745487999.775142	-12.000000	-5.412000E-8	221729490.022173
3745487999.782988	-12.000000	-5.404000E-8	222057735.011103
3745487999.789969	-12.000000	-5.392500E-8	222531293.463143
3745487999.796948	-12.000000	-5.397000E-8	222345747.637576
3745487999.801939	-12.000000	-5.380500E-8	223027599.665459
3745487999.830859	-11.500000	-4.772000E-8	240989103.101425
3745487999.888735	-11.500000	-4.752000E-8	242003367.003367
3745487999.895687	-11.500000	-4.740000E-8	242616033.755274
3745487999.902668	-11.500000	-4.738500E-8	242692835.285428
3745487999.908651	-11.500000	-4.722000E-8	243540872.511648
3745487999.915686	-11.500000	-4.705500E-8	244394857.082138
3745487999.923610	-11.500000	-4.702500E-8	244550770.866560
3745487999.930702	-11.500000	-4.681000E-8	245674001.281777
3745487999.938571	-11.500000	-4.679500E-8	245752751.362325
3745487999.945589	-11.500000	-4.667000E-8	246410970.644954
3745487999.952698	-11.500000	-4.662000E-8	246675246.675247
3745487999.960520	-11.500000	-4.648000E-8	247418244.406196
3745487999.967699	-11.500000	-4.641000E-8	247791424.262012
3745487999.974695	-11.500000	-4.637500E-8	247978436.657682
3745487999.982769	-11.500000	-4.617500E-8	249052517.596102
3745487999.989439	-11.500000	-4.606500E-8	249647237.599045
3745487999.996415	-11.500000	-4.610000E-8	249457700.650759
3745488000.005390	-11.500000	-4.588500E-8	250626566.416040
3745488000.019353	-11.500000	-4.574000E-8	251421075.644950
3745488000.047477	-11.000000	-4.031000E-8	272885140.163731
3745488000.105482	-11.000000	-4.015500E-8	273938488.357614
3745488000.112105	-11.000000	-4.006500E-8	274553849.993760
3745488000.119428	-11.000000	-4.006000E-8	274588117.823265
3745488000.126275	-11.000000	-4.001000E-8	274931267.183204
3745488000.134049	-11.000000	-3.984000E-8	276104417.670683
3745488000.140336	-11.000000	-3.963500E-8	277532483.915731
3745488000.148011	-11.000000	-3.963500E-8	277532483.915731
3745488000.154997	-11.000000	-3.971500E-8	276973435.729573
3745488000.161978	-11.000000	-3.956000E-8	278058645.096057
3745488000.168955	-11.000000	-3.944000E-8	278904665.314402
3745488000.175936	-11.000000	-3.937000E-8	279400558.801118
3745488000.182661	-11.000000	-3.927500E-8	280076384.468491
3745488000.189298	-11.000000	-3.926500E-8	280147714.249331
3745488000.196565	-11.000000	-3.923000E-8	280397654.855978
3745488000.203584	-11.000000	-3.918500E-8	280719663.136404
3745488000.210242	-11.000000	-3.909500E-8	281365903.568231
3745488000.217563	-11.000000	-3.901000E-8	281978979.748782
3745488000.224493	-11.000000	-3.896500E-8	282304632.362377
3745488000.252452	-10.500000	-3.400500E-8	308778120.864579
3745488000.310047	-10.500000	-3.402000E-8	308641975.308642
3745488000.318192	-10.500000	-3.381000E-8	310559006.211180
3745488000.325940	-10.500000	-3.377000E-8	310926858.158129
3745488000.334187	-10.500000	-3.376000E-8	311018957.345972
3745488000.341910	-10.500000	-3.367500E-8	311804008.908686
3745488000.348886	-10.500000	-3.361500E-8	312360553.324409
3745488000.356865	-10.500000	-3.354500E-8	313012371.441347
3745488000.363831	-10.500000	-3.350500E-8	313386061.781824
3745488000.370818	-10.500000	-3.348500E-8	313573241.750037
3745488000.376797	-10.500000	-3.358000E-8	312686122.692079
3745488000.384794	-10.500000	-3.353500E-8	313105710.451767
3745488000.391781	-10.500000	-3.352500E-8	313199105.145414
3745488000.398737	-10.500000	-3.337500E-8	314606741.573034
3745488000.405720	-10.500000	-3.334500E-8	314889788.573999
3745488000.412701	-10.500000	-3.314000E-8	316837658.418829
3745488000.419682	-10.500000	-3.316000E-8	316646562.123040
3745488000.426662	-10.500000	-3.310000E-8	317220543.806647
3745488000.433712	-10.500000	-3.295500E-8	318616294.947656
3745488000.461587	-10.000000	-2.859000E-8	349772647.778944
3745488000.518680	-10.000000	-2.852500E-8	350569675.723050
3745488000.525712	-10.000000	-2.849000E-8	351000351.000351
3745488000.532635	-10.000000	-2.838500E-8	352298749.339440
3745488000.539627	-10.000000	-2.833000E-8	352982703.847511
3745488000.546647	-10.000000	-2.831000E-8	353232073.472271
3745488000.553592	-10.000000	-2.820000E-8	354609929.078014
3745488000.560305	-10.000000	-2.824000E-8	354107648.725212
3745488000.567544	-10.000000	-2.814500E-8	355302895.718600
3745488000.574302	-10.000000	-2.814500E-8	355302895.718600
3745488000.580289	-10.000000	-2.810500E-8	355808574.986657
3745488000.586237	-10.000000	-2.800500E-8	357079093.019104
3745488000.593217	-10.000000	-2.801000E-8	357015351.660121
3745488000.600512	-10.000000	-2.793000E-8	358037952.022914
3745488000.607188	-10.000000	-2.779000E-8	359841669.665347
3745488000.614453	-10.000000	-2.785500E-8	359001974.510860
3745488000.622165	-10.000000	-2.785000E-8	359066427.289048
3745488000.629492	-10.000000	-2.773000E-8	360620266.858997
3745488000.636130	-10.000000	-2.775500E-8	360295442.262655
3745488000.643115	-10.000000	-2.767000E-8	361402240.693892
3745488000.671370	-9.500000	-2.376000E-8	399831649.831650
3745488000.729236	-9.500000	-2.371500E-8	400590343.664347
3745488000.736862	-9.500000	-2.361000E-8	402371876.323592
3745488000.742858	-9.500000	-2.358500E-8	402798388.806445
3745488000.750825	-9.500000	-2.348000E-8	404599659.284497
3745488000.757814	-9.500000	-2.337000E-8	406504065.040650
3745488000.765137	-9.500000	-2.333000E-8	407201028.718388
3745488000.772790	-9.500000	-2.333500E-8	407113777.587315
3745488000.779751	-9.500000	-2.330500E-8	407637845.955804
3745488000.786735	-9.500000	-2.327500E-8	408163265.306122
3745488000.793710	-9.500000	-2.320500E-8	409394527.041586
3745488000.800727	-9.500000	-2.322000E-8	409130060.292851
3745488000.807747	-9.500000	-2.309500E-8	411344446.849968
3745488000.814705	-9.500000	-2.301000E-8	412863972.186006
3745488000.821736	-9.500000	-2.299000E-8	413223140.495868
3745488000.828733	-9.500000	-2.299000E-8	413223140.495868
3745488000.835737	-9.500000	-2.294000E-8	414123801.220575
3745488000.843576	-9.500000	-2.291500E-8	414575605.498582
3745488000.851555	-9.500000	-2.281000E-8	416483998.246383
3745488000.879764	-9.000000	-1.946500E-8	462368353.454919
3745488000.937684	-9.000000	-1.940000E-8	463917525.773196
3745488000.944601	-9.000000	-1.932500E-8	465717981.888745
3745488000.951578	-9.000000	-1.926000E-8	467289719.626168
3745488000.958548	-9.000000	-1.924500E-8	467653936.087295
3745488000.965568	-9.000000	-1.924000E-8	467775467.775468
3745488000.972407	-9.000000	-1.919000E-8	468994267.847837
3745488000.979574	-9.000000	-1.918500E-8	469116497.263487
3745488000.986194	-9.000000	-1.904500E-8	472564977.684432
3745488000.993177	-9.000000	-1.903000E-8	472937467.157120
3745488001.000157	-9.000000	-1.900000E-8	473684210.526316
3745488001.007436	-9.000000	-1.899000E-8	473933649.289100
3745488001.014308	-9.000000	-1.893500E-8	475310271.983100
3745488001.021462	-9.000000	-1.888500E-8	476568705.321684
3745488001.029082	-9.000000	-1.887500E-8	476821192.052980
3745488001.036422	-9.000000	-1.880500E-8	478596118.053709
3745488001.043045	-9.000000	-1.877000E-8	479488545.551412
3745488001.049030	-9.000000	-1.880500E-8	478596118.053709
3745488001.057005	-9.000000	-1.872500E-8	480640854.472630
3745488001.083934	-8.500000	-1.578500E-8	538485904.339563
3745488001.141780	-8.500000	-1.574000E-8	540025412.960610
3745488001.149027	-8.500000	-1.574000E-8	540025412.960610
3745488001.156765	-8.500000	-1.565500E-8	542957521.558607
3745488001.163721	-8.500000	-1.559500E-8	545046489.259378
3745488001.171699	-8.500000	-1.562500E-8	544000000.000000
3745488001.178680	-8.500000	-1.553000E-8	547327752.736639
3745488001.184664	-8.500000	-1.551500E-8	547856912.665163
3745488001.190666	-8.500000	-1.556000E-8	546272493.573265
3745488001.197646	-8.500000	-1.544000E-8	550518134.715026
3745488001.204610	-8.500000	-1.538000E-8	552665799.739922
3745488001.210595	-8.500000	-1.543000E-8	550874918.988983
3745488001.216721	-8.500000	-1.535000E-8	553745928.338762
3745488001.223561	-8.500000	-1.542500E-8	551053484.602917
3745488001.229543	-8.500000	-1.529500E-8	555737169.009480
3745488001.236756	-8.500000	-1.521000E-8	558842866.535174
3745488001.243510	-8.500000	-1.522000E-8	558475689.881735
3745488001.250739	-8.500000	-1.518500E-8	559762923.938097
3745488001.257721	-8.500000	-1.525000E-8	557377049.180328
3745488001.264704	-8.500000	-1.518500E-8	559762923.938097
3745488001.293375	-8.000000	-1.262000E-8	633914421.553090
3745488001.351245	-8.000000	-1.259500E-8	635172687.574434
3745488001.358419	-8.000000	-1.255000E-8	637450199.203187
3745488001.365416	-8.000000	-1.251000E-8	639488409.272582
3745488001.372439	-8.000000	-1.249500E-8	640256102.440976
3745488001.379251	-8.000000	-1.248500E-8	640768922.707249
3745488001.386220	-8.000000	-1.242000E-8	644122383.252818
3745488001.393110	-8.000000	-1.234000E-8	648298217.179903
3745488001.400182	-8.000000	-1.230500E-8	650142218.610321
3745488001.407071	-8.000000	-1.234000E-8	648298217.179903
3745488001.415143	-8.000000	-1.226500E-8	652262535.670607
3745488001.423027	-8.000000	-1.223000E-8	654129190.515127
3745488001.429012	-8.000000	-1.217000E-8	657354149.548069
3745488001.436279	-8.000000	-1.222500E-8	654396728.016360
3745488001.442997	-8.000000	-1.219000E-8	656275635.767022
3745488001.451950	-8.000000	-1.215000E-8	658436213.991770
3745488001.458930	-8.000000	-1.215500E-8	658165364.047717
3745488001.465921	-8.000000	-1.204500E-8	664176006.641760
3745488001.472918	-8.000000	-1.206000E-8	663349917.081260
3745488001.500825	-7.500000	-9.780000E-9	766871165.644172
3745488001.575618	-7.500000	-9.780000E-9	766871165.644172
3745488001.581633	-7.500000	-8.115000E-9	924214417.744917
3745488001.617855	-7.500000	-9.618500E-9	779747361.854759
3745488001.624851	-7.500000	-9.621000E-9	779544745.868413
3745488001.633811	-7.500000	-9.568500E-9	783821915.660762
3745488001.640794	-7.500000	-9.549000E-9	785422557.335847
3745488001.648792	-7.500000	-9.518500E-9	787939276.146452
3745488001.656062	-7.500000	-9.484500E-9	790763877.906057
3745488001.663757	-7.500000	-9.481500E-9	791014080.050625
3745488001.670883	-7.500000	-9.426500E-9	795629342.810163
3745488001.678774	-7.500000	-9.413500E-9	796728103.255962
3745488001.710604	-7.000000	-7.485000E-9	935203740.814963
3745488001.794392	-7.000000	-7.476500E-9	936266969.838828
3745488001.803356	-7.000000	-7.449000E-9	939723452.812458
3745488001.812377	-7.000000	-7.422500E-9	943078477.601886
3745488001.821560	-7.000000	-7.399000E-9	946073793.755913
3745488001.830325	-7.000000	-7.370000E-9	949796472.184532
3745488001.838506	-7.000000	-7.341000E-9	953548562.866094
3745488001.845513	-7.000000	-7.329000E-9	955109837.631328
3745488001.852501	-7.000000	-7.313000E-9	957199507.725968
3745488001.859499	-7.000000	-7.291000E-9	960087779.454122
3745488001.866191	-7.000000	-7.312500E-9	957264957.264957
3745488001.873168	-7.000000	-7.250500E-9	965450658.575271
3745488001.880305	-7.000000	-7.267000E-9	963258566.120820
3745488001.886234	-7.000000	-7.246000E-9	966050234.612200
3745488001.918050	-6.500000	-5.651000E-9	1150238895.770660
3745488002.001863	-6.500000	-5.618500E-9	1156892409.005962
3745488002.012801	-6.500000	-5.603000E-9	1160092807.424594
3745488002.019831	-6.500000	-5.563500E-9	1168329289.116563
3745488002.027775	-6.500000	-5.569000E-9	1167175435.446220
3745488002.034739	-6.500000	-5.572000E-9	1166547020.818377
3745488002.041758	-6.500000	-5.554500E-9	1170222342.245027
3745488002.049022	-6.500000	-5.534500E-9	1174451169.934050
3745488002.056724	-6.500000	-5.505000E-9	1180744777.475023
3745488002.063661	-6.500000	-5.494000E-9	1183108846.013833
3745488002.069667	-6.500000	-5.479000E-9	1186347873.699580
3745488002.075628	-6.500000	-5.462500E-9	1189931350.114416
3745488002.081610	-6.500000	-5.460500E-9	1190367182.492446
3745488002.087636	-6.500000	-5.462500E-9	1189931350.114416
3745488002.093583	-6.500000	-5.451000E-9	1192441753.806641
3745488002.124497	-6.000000	-4.191000E-9	1431639226.914817
3745488002.207280	-6.000000	-4.185000E-9	1433691756.272402
3745488002.216259	-6.000000	-4.153500E-9	1444564824.846515
3745488002.225482	-6.000000	-4.149000E-9	1446131597.975416
3745488002.234213	-6.000000	-4.137000E-9	1450326323.422770
3745488002.241200	-6.000000	-4.114000E-9	1458434613.514827
3745488002.249478	-6.000000	-4.107000E-9	1460920379.839299
3745488002.256475	-6.000000	-4.102000E-9	1462701121.404193
3745488002.263331	-6.000000	-4.102000E-9	1462701121.404193
3745488002.270108	-6.000000	-4.094500E-9	1465380388.325803
3745488002.275290	-6.000000	-4.083000E-9	1469507714.915503
3745488002.281080	-6.000000	-4.068500E-9	1474744992.011798
3745488002.287226	-6.000000	-4.061000E-9	1477468603.792169
3745488002.293046	-6.000000	-4.044500E-9	1483496105.822722
3745488002.299033	-6.000000	-4.025500E-9	1490498074.773320
3745488002.329964	-5.500000	-3.015500E-9	1823909799.369922
3745488002.410731	-5.500000	-3.011000E-9	1826635669.212886
3745488002.417753	-5.500000	-2.999500E-9	1833638939.823304
3745488002.424774	-5.500000	-2.966500E-9	1854036743.637283
3745488002.431785	-5.500000	-2.954000E-9	1861882193.635748
3745488002.438730	-5.500000	-2.949500E-9	1864722834.378708
3745488002.445765	-5.500000	-2.944000E-9	1868206521.739130
3745488002.453745	-5.500000	-2.935000E-9	1873935264.054515
3745488002.461596	-5.500000	-2.926000E-9	1879699248.120301
3745488002.468767	-5.500000	-2.918500E-9	1884529724.173377
3745488002.475630	-5.500000	-2.911000E-9	1889385091.034009
3745488002.482719	-5.500000	-2.893500E-9	1900812165.197857
3745488002.489522	-5.500000	-2.893500E-9	1900812165.197857
3745488002.495605	-5.500000	-2.889000E-9	1903772931.810315
3745488002.501698	-5.500000	-2.875500E-9	1912710832.898626
3745488002.508742	-5.500000	-2.863500E-9	1920726383.796054
3745488002.539709	-5.000000	-2.091500E-9	2390628735.357399
3745488002.624165	-5.000000	-2.073500E-9	2411381721.726550
3745488002.637129	-5.000000	-2.063000E-9	2423654871.546292
3745488002.649104	-5.000000	-2.054000E-9	2434274586.173320
3745488002.656074	-5.000000	-2.047500E-9	2442002442.002442
3745488002.664056	-5.000000	-2.046000E-9	2443792766.373411
3745488002.670041	-5.000000	-2.039000E-9	2452182442.373713
3745488002.676266	-5.000000	-2.046000E-9	2443792766.373411
3745488002.684000	-5.000000	-2.045000E-9	2444987775.061125
3745488002.691980	-5.000000	-2.042500E-9	2447980416.156671
3745488002.698961	-5.000000	-2.019000E-9	2476473501.733531
3745488002.704954	-5.000000	-2.013000E-9	2483854942.871336
3745488002.710928	-5.000000	-2.006000E-9	2492522432.701894
3745488002.716913	-5.000000	-2.002000E-9	2497502497.502498
3745488002.746852	-4.500000	-1.384500E-9	3250270855.904659
3745488002.830679	-4.500000	-1.384500E-9	3250270855.904659
3745488002.843587	-4.500000	-1.376500E-9	3269160915.365057
3745488002.855661	-4.500000	-1.371000E-9	3282275711.159738
3745488002.864520	-4.500000	-1.362000E-9	3303964757.709251
3745488002.871724	-4.500000	-1.361500E-9	3305178112.376056
3745488002.878792	-4.500000	-1.367000E-9	3291880029.261156
3745488002.885785	-4.500000	-1.353500E-9	3324713705.208718
3745488002.892836	-4.500000	-1.349500E-9	3334568358.651352
3745488002.899776	-4.500000	-1.348500E-9	3337041156.840934
3745488002.906430	-4.500000	-1.344000E-9	3348214285.714286
3745488002.913723	-4.500000	-1.340500E-9	3356956359.567326
3745488002.920677	-4.500000	-1.336000E-9	3368263473.053893
3745488002.951626	-4.000000	-8.921500E-10	4483550972.370117
3745488003.052021	-4.000000	-8.848000E-10	4520795660.036166
3745488003.062997	-4.000000	-8.795000E-10	4548038658.328596
3745488003.073962	-4.000000	-8.716500E-10	4588997877.588482
3745488003.080975	-4.000000	-8.694500E-10	4600609580.769452
3745488003.086922	-4.000000	-8.679000E-10	4608825901.601567
3745488003.092906	-4.000000	-8.689000E-10	4603521694.095984
3745488003.099890	-4.000000	-8.688500E-10	4603786614.490418
3745488003.107058	-4.000000	-8.674000E-10	4611482591.653216
3745488003.114861	-4.000000	-8.671000E-10	4613078076.346442
3745488003.122122	-4.000000	-8.621000E-10	4639832966.013224
3745488003.129842	-4.000000	-8.598500E-10	4651974181.543293
3745488003.164716	-3.500000	-5.364000E-10	6524981357.196122
3745488003.264674	-3.500000	-5.343500E-10	6550014035.744362
3745488003.275422	-3.500000	-5.278500E-10	6630671592.308421
3745488003.285630	-3.500000	-5.300000E-10	6603773584.905660
3745488003.295366	-3.500000	-5.337000E-10	6557991380.925613
3745488003.302617	-3.500000	-5.313000E-10	6587615283.267457
3745488003.309539	-3.500000	-5.270000E-10	6641366223.908917
3745488003.316524	-3.500000	-5.229500E-10	6692800458.934888
3745488003.324677	-3.500000	-5.227000E-10	6696001530.514636
3745488003.331576	-3.500000	-5.237000E-10	6683215581.439756
3745488003.338526	-3.500000	-5.223000E-10	6701129618.992915
3745488003.373471	-3.000000	-2.927000E-10	10249402118.209772
3745488003.473909	-3.000000	-2.904500E-10	10328800137.717335
3745488003.485866	-3.000000	-2.900500E-10	10343044302.706430
3745488003.497861	-3.000000	-2.922000E-10	10266940451.745380
3745488003.504811	-3.000000	-2.908500E-10	10314595152.140280
3745488003.512785	-3.000000	-2.909500E-10	10311050008.592541
3745488003.519800	-3.000000	-2.891000E-10	10377032168.799723
3745488003.526770	-3.000000	-2.887500E-10	10389610389.610390
3745488003.533782	-3.000000	-2.914000E-10	10295126973.232670
3745488003.540758	-3.000000	-2.889500E-10	10382419103.651150
3745488003.547783	-3.000000	-2.895500E-10	10360904852.357105
3745488003.583594	-2.500000	-1.372500E-10	18214936247.723133
3745488003.683331	-2.500000	-1.420000E-10	17605633802.816902
3745488003.694311	-2.500000	-1.375000E-10	18181818181.818184
3745488003.706274	-2.500000	-1.382500E-10	18083182640.144669
3745488003.714433	-2.500000	-1.380000E-10	18115942028.985508
3745488003.721377	-2.500000	-1.396500E-10	17901897601.145721
3745488003.728224	-2.500000	-1.399500E-10	17863522686.673813
3745488003.734200	-2.500000	-1.390500E-10	17979144192.736427
3745488003.740347	-2.500000	-1.422000E-10	17580872011.251759
3745488003.746315	-2.500000	-1.420000E-10	17605633802.816902
3745488003.752495	-2.500000	-1.400500E-10	17850767583.006069
3745488003.759282	-2.500000	-1.421500E-10	17587055926.837849
3745488003.795031	-2.000000	-5.536000E-11	36127167630.057800
3745488004.009472	-2.000000	-5.568000E-11	35919540229.885056
3745488004.046360	-1.500000	-2.187500E-11	68571428571.428574
3745488005.062610	-1.500000	-2.220500E-11	67552353073.632065
3745488005.087348	-1.000000	3.268500E-11	-30595074193.054916
3745488005.291806	-1.000000	3.190500E-11	-31343049678.733742
3745488005.313775	-0.500000	1.130500E-10	-4422821760.283061
3745488005.413509	-0.500000	1.079500E-10	-4631773969.430292
3745488005.425502	-0.500000	1.103500E-10	-4531037607.612144
3745488005.433421	-0.500000	1.079000E-10	-4633920296.570899
3745488005.440691	-0.500000	1.056000E-10	-4734848484.848485
3745488005.447682	-0.500000	1.047500E-10	-4773269689.737471
3745488005.454684	-0.500000	1.032500E-10	-4842615012.106537
3745488005.462727	-0.500000	1.041500E-10	-4800768122.899664
3745488005.469623	-0.500000	1.008500E-10	-4957858205.255329
3745488005.476307	-0.500000	9.950000E-11	-5025125628.140703
3745488005.483288	-0.500000	1.014500E-10	-4928536224.741252
3745488005.489288	-0.500000	1.006500E-10	-4967709885.742673
3745488005.496621	-0.500000	9.805000E-11	-5099439061.703213
3745488005.503533	-0.500000	9.790000E-11	-5107252298.263534
3745488005.538472	0.500000	3.072500E-10	1627339300.244101
3745488005.638884	0.500000	3.066000E-10	1630789302.022179
3745488005.650856	0.500000	2.991000E-10	1671681711.802073
3745488005.660815	0.500000	2.951500E-10	1694053870.913095
3745488005.666819	0.500000	2.926000E-10	1708817498.291183
3745488005.673780	0.500000	2.916000E-10	1714677640.603566
3745488005.678769	0.500000	2.896500E-10	1726221301.570862
3745488005.685746	0.500000	2.907500E-10	1719690455.717971
3745488005.691730	0.500000	2.896500E-10	1726221301.570862
3745488005.697729	0.500000	2.854500E-10	1751620248.730075
3745488005.703712	0.500000	2.809000E-10	1779992880.028480
3745488005.708689	0.500000	2.787500E-10	1793721973.094170
3745488005.743887	1.000000	3.810000E-10	2624671916.010499
3745488005.841743	1.000000	3.799000E-10	2632271650.434325
3745488005.848717	1.000000	3.796000E-10	2634351949.420443
3745488005.855701	1.000000	3.774500E-10	2649357530.798781
3745488005.862684	1.000000	3.758500E-10	2660635891.978183
3745488005.869630	1.000000	3.725000E-10	2684563758.389262
3745488005.876609	1.000000	3.701500E-10	2701607456.436580
3745488005.882592	1.000000	3.693500E-10	2707459049.681873
3745488005.888577	1.000000	3.678500E-10	2718499388.337638
3745488005.894561	1.000000	3.672000E-10	2723311546.840959
3745488005.900555	1.000000	3.631000E-10	2754062241.806664
3745488005.906563	1.000000	3.632500E-10	2752924982.794219
3745488005.912555	1.000000	3.608000E-10	2771618625.277162
3745488005.918555	1.000000	3.576500E-10	2796029637.914162
3745488005.952691	1.500000	4.683500E-10	3202732998.825664
3745488006.052149	1.500000	4.677500E-10	3206841261.357563
3745488006.062146	1.500000	4.649500E-10	3226153349.822562
3745488006.078070	1.500000	4.592500E-10	3266194882.961350
3745488006.084398	1.500000	4.603000E-10	3258744297.197480
3745488006.092398	1.500000	4.596500E-10	3263352550.853910
3745488006.099312	1.500000	4.565500E-10	3285510896.944475
3745488006.106304	1.500000	4.534000E-10	3308337009.263344
3745488006.113334	1.500000	4.533500E-10	3308701885.960075
3745488006.120238	1.500000	4.520500E-10	3318217011.392545
3745488006.127935	1.500000	4.535000E-10	3307607497.243660
3745488006.161847	2.000000	5.715500E-10	3499256408.013298
3745488006.259703	2.000000	5.691000E-10	3514320857.494289
3745488006.267565	2.000000	5.652000E-10	3538570417.551310
3745488006.273655	2.000000	5.625500E-10	3555239534.263621
3745488006.280664	2.000000	5.609000E-10	3565697985.380638
3745488006.287515	2.000000	5.594000E-10	3575259206.292457
3745488006.293539	2.000000	5.594000E-10	3575259206.292457
3745488006.299514	2.000000	5.570500E-10	3590341980.073602
3745488006.305514	2.000000	5.539500E-10	3610434154.707103
3745488006.311513	2.000000	5.547000E-10	3605552550.928430
3745488006.318515	2.000000	5.516000E-10	3625815808.556925
3745488006.324515	2.000000	5.502000E-10	3635041802.980734
3745488006.330500	2.000000	5.502500E-10	3634711494.775102
3745488006.336484	2.000000	5.501500E-10	3635372171.226029
3745488006.370511	2.500000	6.845500E-10	3652034183.039953
3745488006.469454	2.500000	6.809500E-10	3671341508.187091
3745488006.481451	2.500000	6.763500E-10	3696311081.540622
3745488006.490355	2.500000	6.738000E-10	3710299792.223212
3745488006.497542	2.500000	6.738000E-10	3710299792.223212
3745488006.504565	2.500000	6.724500E-10	3717748531.489330
3745488006.511463	2.500000	6.689500E-10	3737200089.692802
3745488006.518635	2.500000	6.674500E-10	3745598921.267510
3745488006.525541	2.500000	6.649500E-10	3759681179.036018
3745488006.532508	2.500000	6.618500E-10	3777290926.947193
3745488006.539558	2.500000	6.609000E-10	3782720532.607051
3745488006.546485	2.500000	6.597500E-10	3789314134.141720
3745488006.581758	3.000000	8.058000E-10	3723008190.618019
3745488006.683220	3.000000	8.008000E-10	3746253746.253747
3745488006.694190	3.000000	7.991500E-10	3753988612.901207
3745488006.703169	3.000000	7.926000E-10	3785011355.034065
3745488006.711130	3.000000	7.880500E-10	3806865046.634097
3745488006.717123	3.000000	7.873500E-10	3810249571.346923
3745488006.724262	3.000000	7.881000E-10	3806623524.933384
3745488006.731084	3.000000	7.857000E-10	3818251240.931653
3745488006.736073	3.000000	7.847500E-10	3822873526.600828
3745488006.742195	3.000000	7.839000E-10	3827018752.391887
3745488006.748185	3.000000	7.821000E-10	3835826620.636747
3745488006.754169	3.000000	7.808000E-10	3842213114.754098
3745488006.788921	3.500000	9.475000E-10	3693931398.416886
3745488006.889708	3.500000	9.408500E-10	3720040389.009938
3745488006.901683	3.500000	9.364500E-10	3737519355.010946
3745488006.910658	3.500000	9.319000E-10	3755767786.243159
3745488006.917654	3.500000	9.279000E-10	3771958185.149262
3745488006.925736	3.500000	9.278000E-10	3772364733.778831
3745488006.932618	3.500000	9.240000E-10	3787878787.878788
3745488006.939750	3.500000	9.236000E-10	3789519272.412300
3745488006.946698	3.500000	9.208500E-10	3800836183.960471
3745488006.953734	3.500000	9.188500E-10	3809109212.602710
3745488006.960482	3.500000	9.150500E-10	3824927599.584723
3745488006.994531	4.000000	1.131500E-9	3535130357.931949
3745488007.078197	4.000000	1.126500E-9	3550821127.385708
3745488007.090160	4.000000	1.120000E-9	3571428571.428571
3745488007.098093	4.000000	1.119000E-9	3574620196.604111
3745488007.105073	4.000000	1.117500E-9	3579418344.519016
3745488007.111201	4.000000	1.112500E-9	3595505617.977528
3745488007.117212	4.000000	1.110000E-9	3603603603.603603
3745488007.123195	4.000000	1.108000E-9	3610108303.249097
3745488007.129177	4.000000	1.106000E-9	3616636528.028934
3745488007.135991	4.000000	1.106000E-9	3616636528.028934
3745488007.141978	4.000000	1.104500E-9	3621548211.860570
3745488007.146963	4.000000	1.103000E-9	3626473254.759746
3745488007.153942	4.000000	1.102000E-9	3629764065.335753
3745488007.158930	4.000000	1.099500E-9	3638017280.582083
3745488007.166918	4.000000	1.097500E-9	3644646924.829157
3745488007.197854	4.500000	1.381000E-9	3258508327.299058
3745488007.281611	4.500000	1.389000E-9	3239740820.734341
3745488007.293573	4.500000	1.389500E-9	3238575026.988125
3745488007.302638	4.500000	1.453500E-9	3095975232.198143
3745488007.309530	4.500000	1.462000E-9	3077975376.196990
3745488007.316743	4.500000	1.511000E-9	2978160158.835208
3745488007.323615	4.500000	1.566500E-9	2872646026.172997
3745488007.329757	4.500000	1.518500E-9	2963450773.789924
3745488007.336617	4.500000	1.486500E-9	3027245206.861756
3745488007.342557	4.500000	1.469500E-9	3062266076.896904
3745488007.349750	4.500000	1.463000E-9	3075871496.924129
3745488007.355561	4.500000	1.446500E-9	3110957483.581058
3745488007.361549	4.500000	1.440500E-9	3123915307.185005
3745488007.367671	4.500000	1.431000E-9	3144654088.050314
3745488007.374723	4.500000	1.438000E-9	3129346314.325452
3745488007.405579	5.000000	1.988500E-9	2514458134.272065
3745488007.488053	5.000000	1.994500E-9	2506893958.385560
3745488007.494361	5.000000	1.988000E-9	2515090543.259557
3745488007.502015	5.000000	1.969500E-9	2538715410.002539
3745488007.509005	5.000000	1.962500E-9	2547770700.636942
3745488007.515977	5.000000	1.933500E-9	2585983966.899405
3745488007.521957	5.000000	1.932000E-9	2587991718.426501
3745488007.527942	5.000000	1.933500E-9	2585983966.899405
3745488007.532942	5.000000	1.925500E-9	2596728122.565567
3745488007.539911	5.000000	1.909000E-9	2619172341.540073
3745488007.545893	5.000000	1.890000E-9	2645502645.502645
3745488007.551881	5.000000	1.884500E-9	2653223666.755108
3745488007.557869	5.000000	1.880000E-9	2659574468.085106
3745488007.563016	5.000000	1.881000E-9	2658160552.897395
3745488007.569829	5.000000	1.883000E-9	2655337227.827934
3745488007.574981	5.000000	1.888500E-9	2647603918.453800
3745488007.581814	5.000000	1.877500E-9	2663115845.539281
3745488007.611757	5.500000	2.474500E-9	2222671246.716508
3745488007.695949	5.500000	2.483000E-9	2215062424.486508
3745488007.705918	5.500000	2.493500E-9	2205734910.767997
3745488007.713096	5.500000	2.507000E-9	2193857199.840446
3745488007.720907	5.500000	2.549500E-9	2157285742.302413
3745488007.728273	5.500000	2.579500E-9	2132196162.046908
3745488007.735548	5.500000	2.595000E-9	2119460500.963391
3745488007.742474	5.500000	2.605000E-9	2111324376.199616
3745488007.749318	5.500000	2.650000E-9	2075471698.113207
3745488007.755289	5.500000	2.634000E-9	2088078967.350038
3745488007.761125	5.500000	2.635500E-9	2086890533.105673
3745488007.767262	5.500000	2.640500E-9	2082938837.341413
3745488007.773242	5.500000	2.638000E-9	2084912812.736922
3745488007.779226	5.500000	2.658500E-9	2068835809.667106
3745488007.785210	5.500000	2.660000E-9	2067669172.932331
3745488007.817009	6.000000	3.807000E-9	1576044129.235619
3745488007.900827	6.000000	3.957500E-9	1516108654.453569
3745488007.910727	6.000000	3.822500E-9	1569653368.214519
3745488007.917709	6.000000	3.907500E-9	1535508637.236084
3745488007.925725	6.000000	3.960000E-9	1515151515.151515
3745488007.933665	6.000000	3.994500E-9	1502065339.842283
3745488007.940706	6.000000	4.034000E-9	1487357461.576599
3745488007.947700	6.000000	4.023000E-9	1491424310.216257
3745488007.954700	6.000000	3.987500E-9	1504702194.357367
3745488007.962587	6.000000	3.921000E-9	1530221882.172915
3745488007.969698	6.000000	3.879000E-9	1546790409.899458
3745488007.976547	6.000000	3.876500E-9	1547787953.050432
3745488007.982590	6.000000	3.932500E-9	1525746980.292435
3745488007.989734	6.000000	3.977500E-9	1508485229.415462
3745488008.021474	6.500000	5.394000E-9	1205042639.970337
3745488008.103322	6.500000	5.506500E-9	1180423136.293471
3745488008.110462	6.500000	5.591000E-9	1162582722.232159
3745488008.117369	6.500000	5.524000E-9	1176683562.635771
3745488008.127392	6.500000	5.819000E-9	1117030417.597525
3745488008.134490	6.500000	6.068000E-9	1071193144.363876
3745488008.141284	6.500000	6.071500E-9	1070575640.286585
3745488008.148357	6.500000	6.016000E-9	1080452127.659575
3745488008.155389	6.500000	5.903000E-9	1101135016.093512
3745488008.163408	6.500000	5.883500E-9	1104784567.009433
3745488008.171027	6.500000	5.710500E-9	1138254093.336836
3745488008.179009	6.500000	5.662500E-9	1147902869.757174
3745488008.185287	6.500000	5.686000E-9	1143158635.244460
3745488008.192234	6.500000	5.713000E-9	1137755995.098897
3745488008.198953	6.500000	5.771000E-9	1126321261.479813
3745488008.229883	7.000000	8.604500E-9	813527805.218200
3745488008.315696	7.000000	8.526000E-9	821018062.397373
3745488008.331598	7.000000	8.818500E-9	793785791.234337
3745488008.339579	7.000000	8.586000E-9	815280689.494526
3745488008.346711	7.000000	8.320000E-9	841346153.846154
3745488008.353686	7.000000	8.245500E-9	848947910.981748
3745488008.360529	7.000000	8.141000E-9	859845227.858985
3745488008.366566	7.000000	8.083500E-9	865961526.566463
3745488008.372567	7.000000	8.202000E-9	853450377.956596
3745488008.378591	7.000000	8.709500E-9	803720075.779321
3745488008.384569	7.000000	8.289500E-9	844441763.676941
3745488008.390567	7.000000	8.618000E-9	812253423.067997
3745488008.396553	7.000000	8.518000E-9	821789152.383188
3745488008.402554	7.000000	8.358500E-9	837470838.069031
3745488008.408540	7.000000	8.282500E-9	845155448.234229
3745488008.439673	7.500000	1.045000E-8	717703349.282297
3745488008.500165	7.500000	1.109000E-8	676284941.388638
3745488008.512133	7.500000	1.048500E-8	715307582.260372
3745488008.521354	7.500000	1.066000E-8	703564727.954972
3745488008.529077	7.500000	1.184000E-8	633445945.945946
3745488008.536178	7.500000	1.109000E-8	676284941.388638
3745488008.544031	7.500000	1.157500E-8	647948164.146868
3745488008.549016	7.500000	1.144500E-8	655307994.757536
3745488008.555001	7.500000	1.175000E-8	638297872.340426
3745488008.562179	7.500000	1.190000E-8	630252100.840336
3745488008.569160	7.500000	1.181000E-8	635055038.103302
3745488008.575997	7.500000	1.189500E-8	630517023.959647
3745488008.581999	7.500000	1.195500E-8	627352572.145546
3745488008.588963	7.500000	1.229000E-8	610252237.591538
3745488008.595262	7.500000	1.206500E-8	621632822.213013
3745488008.602246	7.500000	1.221500E-8	613999181.334425
3745488008.609082	7.500000	1.259500E-8	595474394.601032
3745488008.616209	7.500000	1.270500E-8	590318772.136954
3745488008.643181	8.000000	1.840500E-8	434664493.344200
3745488008.702025	8.000000	1.774000E-8	450958286.358512
3745488008.710005	8.000000	1.880000E-8	425531914.893617
3745488008.719977	8.000000	1.918500E-8	416992442.011989
3745488008.727952	8.000000	1.945000E-8	411311053.984576
3745488008.735931	8.000000	1.914500E-8	417863671.977017
3745488008.742926	8.000000	3.144500E-8	254412466.210844
3745488008.750891	8.000000	2.647000E-8	302228938.420854
3745488008.757992	8.000000	2.130000E-8	375586854.460094
3745488008.764863	8.000000	1.993500E-8	401304238.776022
3745488008.771845	8.000000	1.987500E-8	402515723.270440
3745488008.778852	8.000000	1.895000E-8	422163588.390501
3745488008.785803	8.000000	1.849000E-8	432666306.111412
3745488008.791779	8.000000	2.084000E-8	383877159.309021
3745488008.797763	8.000000	1.917500E-8	417209908.735332
3745488008.803747	8.000000	1.863500E-8	429299704.856453
3745488008.809731	8.000000	1.781500E-8	449059781.083357
3745488008.815715	8.000000	1.808500E-8	442355543.267902
3745488008.821698	8.000000	1.811000E-8	441744892.324682
3745488008.848746	8.500000	2.410000E-8	352697095.435685
3745488008.906606	8.500000	2.483500E-8	342258908.798067
3745488008.915447	8.500000	2.464000E-8	344967532.467532
3745488008.923629	8.500000	2.502500E-8	339660339.660340
3745488008.932409	8.500000	2.655000E-8	320150659.133710
3745488008.940659	8.500000	2.501000E-8	339864054.378249
3745488008.948368	8.500000	2.643000E-8	321604237.608778
3745488008.955669	8.500000	2.719500E-8	312557455.414598
3745488008.962538	8.500000	2.769000E-8	306970025.279884
3745488008.969520	8.500000	3.429500E-8	247849540.749380
3745488008.976285	8.500000	3.318500E-8	256139822.208829
3745488008.983610	8.500000	3.144000E-8	270356234.096692
3745488008.991611	8.500000	3.147000E-8	270098506.514140
3745488008.998530	8.500000	2.996000E-8	283711615.487316
3745488009.005487	8.500000	2.989500E-8	284328483.023917
3745488009.012347	8.500000	3.371500E-8	252113302.684265
3745488009.019328	8.500000	3.268500E-8	260058130.640967
3745488009.026152	8.500000	3.128500E-8	271695700.815087
3745488009.053775	9.000000	4.475500E-8	201094849.737460
3745488009.111739	9.000000	4.626000E-8	194552529.182879
3745488009.119544	9.000000	4.492500E-8	200333889.816361
3745488009.126581	9.000000	4.531500E-8	198609731.876862
3745488009.133746	9.000000	4.865500E-8	184975850.375090
3745488009.140698	9.000000	4.926000E-8	182704019.488429
3745488009.147486	9.000000	4.791000E-8	187852222.917971
3745488009.154735	9.000000	4.793500E-8	187754250.547617
3745488009.161598	9.000000	4.960500E-8	181433323.253704
3745488009.167591	9.000000	4.908500E-8	183355403.891209
3745488009.173679	9.000000	5.033500E-8	178802026.422966
3745488009.180536	9.000000	5.036500E-8	178695522.684404
3745488009.186524	9.000000	5.244500E-8	171608351.606445
3745488009.193346	9.000000	5.170500E-8	174064403.829417
3745488009.200484	9.000000	5.249500E-8	171444899.514239
3745488009.206462	9.000000	5.131000E-8	175404404.599493
3745488009.212441	9.000000	5.100500E-8	176453288.893246
3745488009.218426	9.000000	4.923500E-8	182796790.900782
3745488009.224413	9.000000	4.886000E-8	184199754.400327
3745488009.231404	9.000000	4.899000E-8	183710961.420698
3745488009.258492	9.500000	5.981000E-8	158836314.997492
3745488009.319015	9.500000	6.144500E-8	154609813.654488
3745488009.330992	9.500000	6.410500E-8	148194368.613993
3745488009.340218	9.500000	6.601000E-8	143917588.244205
3745488009.346951	9.500000	6.654000E-8	142771265.404268
3745488009.354919	9.500000	6.703000E-8	141727584.663583
3745488009.361897	9.500000	6.729000E-8	141179967.305692
3745488009.369890	9.500000	6.903500E-8	137611356.558268
3745488009.376855	9.500000	6.826500E-8	139163553.797700
3745488009.383837	9.500000	6.928500E-8	137114815.616656
3745488009.390820	9.500000	6.749500E-8	140751166.753093
3745488009.396816	9.500000	6.781000E-8	140097330.777172
3745488009.401791	9.500000	6.927500E-8	137134608.444605
3745488009.408769	9.500000	6.912000E-8	137442129.629630
3745488009.414787	9.500000	7.185500E-8	132210702.108413
3745488009.421050	9.500000	7.217000E-8	131633642.787862
3745488009.428770	9.500000	7.453500E-8	127456899.443215
3745488009.436728	9.500000	7.600500E-8	124991776.856786
3745488009.464705	10.000000	9.197000E-8	108731107.969990
3745488009.523494	10.000000	9.160500E-8	109164346.924295
3745488009.533437	10.000000	9.383500E-8	106570043.160867
3745488009.544498	10.000000	9.483500E-8	105446301.470976
3745488009.552386	10.000000	9.723500E-8	102843626.266262
3745488009.559399	10.000000	9.764000E-8	102417042.195821
3745488009.566667	10.000000	9.672500E-8	103385887.826312
3745488009.573653	10.000000	9.698500E-8	103108728.153838
3745488009.580503	10.000000	9.770500E-8	102348907.425413
3745488009.587448	10.000000	9.835000E-8	101677681.748856
3745488009.594441	10.000000	9.872000E-8	101296596.434360
3745488009.601425	10.000000	9.861000E-8	101409593.347531
3745488009.608470	10.000000	1.000750E-7	99925056.207844
3745488009.614446	10.000000	1.006450E-7	99359133.588355
3745488009.620440	10.000000	9.959000E-8	100411687.920474
3745488009.626267	10.000000	9.947500E-8	100527770.796683
3745488009.633409	10.000000	9.966000E-8	100341159.943809
3745488009.639389	10.000000	1.029650E-7	97120380.711892
3745488009.646373	10.000000	1.022900E-7	97761266.986020
3745488009.684666	10.500000	1.309500E-7	80183276.059565
3745488009.735207	10.500000	1.375500E-7	76335877.862595
3745488009.746165	10.500000	1.379500E-7	76114534.251540
3745488009.756336	10.500000	1.349000E-7	77835433.654559
3745488009.764122	10.500000	1.386500E-7	75730256.040389
3745488009.771416	10.500000	1.401500E-7	74919728.861934
3745488009.777280	10.500000	1.408500E-7	74547390.841321
3745488009.783244	10.500000	1.495500E-7	70210631.895687
3745488009.789209	10.500000	1.450500E-7	72388831.437435
3745488009.796033	10.500000	1.451500E-7	72338959.696865
3745488009.802184	10.500000	1.432500E-7	73298429.319372
3745488009.808155	10.500000	1.440000E-7	72916666.666667
3745488009.814977	10.500000	1.437500E-7	73043478.260870
3745488009.820962	10.500000	1.447000E-7	72563925.362820
3745488009.825949	10.500000	1.420500E-7	73917634.635692
3745488009.832089	10.500000	1.459000E-7	71967100.753941
3745488009.837079	10.500000	1.490500E-7	70446159.007045
3745488009.842063	10.500000	1.456000E-7	72115384.615385
3745488009.848888	10.500000	1.446000E-7	72614107.883817
3745488009.854872	10.500000	1.452500E-7	72289156.626506
3745488009.858866	10.500000	1.437000E-7	73068893.528184
3745488009.863856	10.500000	1.467500E-7	71550255.536627
3745488009.886854	11.000000	1.637000E-7	67196090.409285
3745488009.935694	11.000000	1.664000E-7	66105769.230769
3745488009.943637	11.000000	1.653500E-7	66525551.859692
3745488009.950676	11.000000	1.603000E-7	68621334.996881
3745488009.958599	11.000000	1.581000E-7	69576217.583808
3745488009.966582	11.000000	1.627000E-7	67609096.496620
3745488009.973666	11.000000	1.657000E-7	66385033.192517
3745488009.981683	11.000000	1.622500E-7	67796610.169492
3745488009.989515	11.000000	1.620500E-7	67880283.863005
3745488009.996638	11.000000	1.602500E-7	68642745.709828
3745488010.004474	11.000000	1.636500E-7	67216620.837152
3745488010.011711	11.000000	1.616500E-7	68048252.397154
3745488010.019466	11.000000	1.646000E-7	66828675.577157
3745488010.026430	11.000000	1.689000E-7	65127294.256957
3745488010.032518	11.000000	1.696000E-7	64858490.566038
3745488010.038496	11.000000	1.670000E-7	65868263.473054
3745488010.044482	11.000000	1.711500E-7	64271107.215892
3745488010.050466	11.000000	1.704000E-7	64553990.610329
3745488010.056454	11.000000	1.696500E-7	64839375.184203
3745488010.062433	11.000000	1.685000E-7	65281899.109792
3745488010.068418	11.000000	1.724000E-7	63805104.408353
3745488010.091280	11.500000	2.017500E-7	57001239.157373
3745488010.140316	11.500000	2.014000E-7	57100297.914598
3745488010.147264	11.500000	2.020000E-7	56930693.069307
3745488010.153248	11.500000	2.049500E-7	56111246.645523
3745488010.159056	11.500000	2.048500E-7	56138638.027825
3745488010.165217	11.500000	2.105000E-7	54631828.978622
3745488010.171200	11.500000	2.067000E-7	55636187.711659
3745488010.177162	11.500000	2.050500E-7	56083881.980005
3745488010.183157	11.500000	2.034500E-7	56524944.703858
3745488010.187980	11.500000	2.006000E-7	57328015.952144
3745488010.193964	11.500000	2.000000E-7	57500000.000000
3745488010.200114	11.500000	1.992500E-7	57716436.637390
3745488010.205934	11.500000	1.998500E-7	57543157.368026
3745488010.210952	11.500000	2.031000E-7	56622353.520433
3745488010.215906	11.500000	2.023000E-7	56846267.918932
3745488010.221891	11.500000	2.031500E-7	56608417.425548
3745488010.227874	11.500000	2.009000E-7	57242409.158785
3745488010.233860	11.500000	2.010000E-7	57213930.348259
3745488010.238845	11.500000	2.028000E-7	56706114.398422
3745488010.244829	11.500000	2.029500E-7	56664203.005666
3745488010.248824	11.500000	2.054500E-7	55974689.705524
3745488010.254801	11.500000	2.041000E-7	56344928.956394
3745488010.258802	11.500000	2.041000E-7	56344928.956394
3745488010.264776	11.500000	2.016000E-7	57043650.793651
3745488010.269763	11.500000	1.992500E-7	57716436.637390
3745488010.274748	11.500000	1.991500E-7	57745418.026613
3745488010.297745	12.000000	2.265000E-7	52980132.450331
3745488010.346675	12.000000	2.257500E-7	53156146.179402
3745488010.354541	12.000000	2.278500E-7	52666227.781435
3745488010.361691	12.000000	2.308500E-7	51981806.367771
3745488010.368630	12.000000	2.292500E-7	52344601.962923
3745488010.376480	12.000000	2.285000E-7	52516411.378556
3745488010.384460	12.000000	2.291000E-7	52378873.854212
3745488010.390707	12.000000	2.318500E-7	51757601.897779
3745488010.397717	12.000000	2.331500E-7	51469011.366073
3745488010.404778	12.000000	2.334000E-7	51413881.748072
3745488010.410388	12.000000	2.326000E-7	51590713.671539
3745488010.417717	12.000000	2.315500E-7	51824659.900669
3745488010.424710	12.000000	2.337500E-7	51336898.395722
3745488010.430619	12.000000	2.353000E-7	50998725.031874
3745488010.437621	12.000000	2.346000E-7	51150895.140665
3745488010.444574	12.000000	2.372500E-7	50579557.428872
3745488010.450586	12.000000	2.313000E-7	51880674.448768
3745488010.456594	12.000000	2.293500E-7	52321778.940484
3745488010.462421	12.000000	2.287500E-7	52459016.393443
3745488010.467422	12.000000	2.292000E-7	52356020.942408
3745488010.474381	12.000000	2.360000E-7	50847457.627119
3745488010.480512	12.000000	2.350000E-7	51063829.787234
3745488010.504491	12.500000	2.673500E-7	46755189.826071
3745488010.553006	12.500000	2.660000E-7	46992481.203008
3745488010.558992	12.500000	2.658500E-7	47018995.674252
3745488010.565063	12.500000	2.649500E-7	47178712.964710
3745488010.571957	12.500000	2.632500E-7	47483380.816714
3745488010.577938	12.500000	2.630500E-7	47519482.988025
3745488010.582949	12.500000	2.656000E-7	47063253.012048
3745488010.589910	12.500000	2.686000E-7	46537602.382725
3745488010.596889	12.500000	2.663000E-7	46939541.870071
3745488010.603869	12.500000	2.663000E-7	46939541.870071
3745488010.610850	12.500000	2.665500E-7	46895516.788595
3745488010.617193	12.500000	2.664500E-7	46913116.907487
3745488010.624815	12.500000	2.659500E-7	47001316.036849
3745488010.630797	12.500000	2.643500E-7	47285795.347078
3745488010.636782	12.500000	2.652000E-7	47134238.310709
3745488010.641768	12.500000	2.660500E-7	46983649.689908
3745488010.646918	12.500000	2.698500E-7	46322030.757828
3745488010.652736	12.500000	2.654500E-7	47089847.428894
3745488010.657725	12.500000	2.646000E-7	47241118.669690
3745488010.662714	12.500000	2.647000E-7	47223271.628258
3745488010.667708	12.500000	2.638500E-7	47375402.690923
3745488010.672690	12.500000	2.640000E-7	47348484.848485
3745488010.678670	12.500000	2.627500E-7	47573739.295909
3745488010.684660	12.500000	2.621000E-7	47691720.717283
3745488010.689639	12.500000	2.644500E-7	47267914.539611
3745488010.712741	13.000000	2.913500E-7	44619873.004977
3745488010.761690	13.000000	2.918000E-7	44551062.371487
3745488010.769463	13.000000	2.924500E-7	44452043.084288
3745488010.777681	13.000000	2.949000E-7	44082739.911835
3745488010.785387	13.000000	2.943000E-7	44172612.979952
3745488010.792371	13.000000	2.982500E-7	43587594.300084
3745488010.799563	13.000000	3.023000E-7	43003638.769434
3745488010.807607	13.000000	3.024000E-7	42989417.989418
3745488010.814577	13.000000	2.997500E-7	43369474.562135
3745488010.820594	13.000000	2.995000E-7	43405676.126878
3745488010.827552	13.000000	2.995500E-7	43398430.979803
3745488010.833615	13.000000	2.972000E-7	43741588.156124
3745488010.840533	13.000000	2.977000E-7	43668122.270742
3745488010.846537	13.000000	2.998000E-7	43362241.494330
3745488010.852511	13.000000	2.994500E-7	43412923.693438
3745488010.858533	13.000000	2.968500E-7	43793161.529392
3745488010.866469	13.000000	2.974500E-7	43704824.340225
3745488010.872340	13.000000	2.938500E-7	44240258.635358
3745488010.878467	13.000000	2.941000E-7	44202652.159130
3745488010.884476	13.000000	2.942500E-7	44180118.946474
3745488010.890115	13.000000	2.952500E-7	44030482.641829
3745488010.897423	13.000000	2.941500E-7	44195138.534761
3745488010.921368	13.500000	3.158000E-7	42748575.047498
3745488010.969893	13.500000	3.174000E-7	42533081.285444
3745488010.977130	13.500000	3.175000E-7	42519685.039370
3745488010.983855	13.500000	3.189000E-7	42333019.755409
3745488010.991856	13.500000	3.175000E-7	42519685.039370
3745488010.998837	13.500000	3.158000E-7	42748575.047498
3745488011.005813	13.500000	3.146000E-7	42911633.820725
3745488011.013774	13.500000	3.141000E-7	42979942.693410
3745488011.020762	13.500000	3.130500E-7	43124101.581217
3745488011.026740	13.500000	3.139000E-7	43007327.174259
3745488011.032721	13.500000	3.128500E-7	43151670.129455
3745488011.038706	13.500000	3.122000E-7	43241511.851377
3745488011.044690	13.500000	3.118500E-7	43290043.290043
3745488011.050680	13.500000	3.116500E-7	43317824.482593
3745488011.056658	13.500000	3.107500E-7	43443282.381335
3745488011.062649	13.500000	3.094500E-7	43625787.687833
3745488011.068640	13.500000	3.065000E-7	44045676.998369
3745488011.074610	13.500000	3.055000E-7	44189852.700491
3745488011.079595	13.500000	3.043500E-7	44356826.022671
3745488011.084623	13.500000	3.091500E-7	43668122.270742
3745488011.090624	13.500000	3.072500E-7	43938161.106591
3745488011.096588	13.500000	3.089500E-7	43696391.001780
3745488011.102566	13.500000	3.618000E-7	37313432.835821
3745488011.125746	14.000000	3.627000E-7	38599393.438103
3745488011.174602	14.000000	3.792000E-7	36919831.223629
3745488011.182345	14.000000	3.869000E-7	36185060.739209
3745488011.189566	14.000000	3.878000E-7	36101083.032491
3745488011.197535	14.000000	3.895500E-7	35938903.863432
3745488011.205495	14.000000	4.023000E-7	34799900.571713
3745488011.213280	14.000000	4.029500E-7	34743764.735079
3745488011.219546	14.000000	3.962000E-7	35335689.045936
3745488011.227203	14.000000	4.056000E-7	34516765.285996
3745488011.232335	14.000000	3.729000E-7	37543577.366586
3745488011.238354	14.000000	4.220500E-7	33171425.186589
3745488011.244189	14.000000	4.126000E-7	33931168.201648
3745488011.250308	14.000000	4.038000E-7	34670629.024269
3745488011.256293	14.000000	3.941000E-7	35523978.685613
3745488011.262263	14.000000	3.624000E-7	38631346.578366
3745488011.268249	14.000000	3.653000E-7	38324664.659184
3745488011.273083	14.000000	4.003500E-7	34969401.773448
3745488011.279219	14.000000	3.799000E-7	36851803.106081
3745488011.284049	14.000000	3.855000E-7	36316472.114137
3745488011.290205	14.000000	3.724500E-7	37588938.112498
3745488011.296176	14.000000	4.028000E-7	34756703.078451
3745488011.302158	14.000000	3.788000E-7	36958817.317846
3745488011.307000	14.000000	3.834000E-7	36515388.628065
3745488011.330923	14.500000	5.754000E-7	25199860.966284
3745488011.379828	14.500000	3.369500E-7	43033090.963051
3745488011.386865	14.500000	3.310000E-7	43806646.525680
3745488011.392762	14.500000	3.688500E-7	39311373.186932
3745488011.399760	14.500000	3.266500E-7	44390019.898974
3745488011.405730	14.500000	3.234500E-7	44829185.345494
3745488011.412708	14.500000	3.208500E-7	45192457.534674
3745488011.417695	14.500000	3.270000E-7	44342507.645260
3745488011.425690	14.500000	3.196000E-7	45369211.514393
3745488011.432684	14.500000	3.207000E-7	45213595.260368
3745488011.440630	14.500000	3.223500E-7	44982162.246006
3745488011.446747	14.500000	3.165500E-7	45806349.707787
3745488011.454704	14.500000	3.166000E-7	45799115.603285
3745488011.461578	14.500000	3.151000E-7	46017137.416693
3745488011.467577	14.500000	3.147500E-7	46068308.181096
3745488011.473592	14.500000	3.199000E-7	45326664.582682
3745488011.479551	14.500000	3.163000E-7	45842554.536832
3745488011.485554	14.500000	3.511000E-7	41298775.277699
3745488011.491552	14.500000	3.465000E-7	41847041.847042
3745488011.498552	14.500000	3.173000E-7	45698077.529152
3745488011.504554	14.500000	3.671500E-7	39493395.070135
3745488011.511450	14.500000	3.111500E-7	46601317.692431
3745488011.535700	15.000000	3.349500E-7	44782803.403493
3745488011.583250	15.000000	3.379500E-7	44385264.092321
3745488011.589463	15.000000	3.273500E-7	45822514.128609
3745488011.595252	15.000000	3.306500E-7	45365189.777711
3745488011.601203	15.000000	3.281500E-7	45710802.986439
3745488011.607184	15.000000	3.333500E-7	44997750.112494
3745488011.612519	15.000000	3.335000E-7	44977511.244378
3745488011.618498	15.000000	3.246000E-7	46210720.887246
3745488011.624147	15.000000	3.258000E-7	46040515.653775
3745488011.630315	15.000000	3.248000E-7	46182266.009852
3745488011.636288	15.000000	3.236500E-7	46346361.810598
3745488011.642214	15.000000	3.229500E-7	46446818.392940
3745488011.648238	15.000000	3.217000E-7	46627292.508548
3745488011.654222	15.000000	3.222500E-7	46547711.404189
3745488011.659046	15.000000	3.221000E-7	46569388.388699
3745488011.665195	15.000000	3.235500E-7	46360686.138155
3745488011.670019	15.000000	3.272000E-7	45843520.782396
3745488011.676036	15.000000	3.239500E-7	46303441.889180
3745488011.682983	15.000000	3.202000E-7	46845721.424110
3745488011.688133	15.000000	3.204000E-7	46816479.400749
3745488011.694121	15.000000	3.214500E-7	46663555.762949
3745488011.700102	15.000000	3.167000E-7	47363435.427850
3745488011.706919	15.000000	3.152500E-7	47581284.694687
3745488011.712903	15.000000	3.149500E-7	47626607.398000
3745488011.716902	15.000000	3.143500E-7	47717512.327024
3745488011.748807	15.500000	3.292500E-7	47076689.445710
3745488011.797714	15.500000	3.292000E-7	47083839.611179
3745488011.805655	15.500000	3.250000E-7	47692307.692308
3745488011.813673	15.500000	3.323000E-7	46644598.254589
3745488011.821611	15.500000	3.273000E-7	47357164.680721
3745488011.829663	15.500000	3.352500E-7	46234153.616704
3745488011.836647	15.500000	3.383000E-7	45817321.903636
3745488011.844723	15.500000	3.248000E-7	47721674.876847
3745488011.851784	15.500000	3.241500E-7	47817368.502237
3745488011.858718	15.500000	3.304500E-7	46905734.604327
3745488011.865788	15.500000	3.292000E-7	47083839.611179
3745488011.872730	15.500000	3.235000E-7	47913446.676971
3745488011.878740	15.500000	3.224500E-7	48069468.134595
3745488011.885793	15.500000	3.227500E-7	48024786.986832
3745488011.892422	15.500000	3.203500E-7	48384579.366318
3745488011.897695	15.500000	3.209000E-7	48301651.604861
3745488011.903711	15.500000	3.206500E-7	48339310.774988
3745488011.909376	15.500000	3.190000E-7	48589341.692790
3745488011.915726	15.500000	3.810000E-7	40682414.698163
3745488011.921705	15.500000	3.220000E-7	48136645.962733
3745488011.928685	15.500000	3.156500E-7	49105021.384445
3745488011.936306	15.500000	3.154500E-7	49136154.699635
3745488011.959276	16.000000	3.309500E-7	48345671.551594
3745488012.008381	16.000000	3.303000E-7	48440811.383591
3745488012.016129	16.000000	3.294000E-7	48573163.327262
3745488012.025073	16.000000	3.287000E-7	48676604.806815
3745488012.032071	16.000000	3.361000E-7	47604879.500149
3745488012.040029	16.000000	3.416000E-7	46838407.494145
3745488012.047016	16.000000	3.513000E-7	45545118.132650
3745488012.054992	16.000000	3.610500E-7	44315191.801690
3745488012.062280	16.000000	3.548500E-7	45089474.425814
3745488012.069947	16.000000	3.561000E-7	44931199.101376
3745488012.075970	16.000000	3.918500E-7	40831951.001659
3745488012.081914	16.000000	3.749000E-7	42678047.479328
3745488012.089896	16.000000	3.815000E-7	41939711.664482
3745488012.095879	16.000000	4.227500E-7	37847427.557658
3745488012.103862	16.000000	4.358000E-7	36714089.031666
3745488012.108846	16.000000	3.566000E-7	44868199.663488
3745488012.115826	16.000000	3.723000E-7	42976094.547408
3745488012.121809	16.000000	3.734500E-7	42843754.183960
3745488012.127793	16.000000	3.616000E-7	44247787.610619
3745488012.133778	16.000000	3.768500E-7	42457211.091946
3745488012.139769	16.000000	3.807500E-7	42022324.359816
3745488012.145770	16.000000	3.688500E-7	43378066.964891
3745488012.168742	16.500000	4.118000E-7	40067994.171928
3745488012.217661	16.500000	4.042500E-7	40816326.530612
3745488012.225532	16.500000	3.956500E-7	41703525.843549
3745488012.232664	16.500000	4.015000E-7	41095890.410959
3745488012.240496	16.500000	4.010500E-7	41142002.244109
3745488012.246621	16.500000	4.037000E-7	40871934.604905
3745488012.253758	16.500000	3.896500E-7	42345694.854356
3745488012.259442	16.500000	4.224500E-7	39057876.671795
3745488012.266728	16.500000	4.265000E-7	38686987.104338
3745488012.272734	16.500000	4.104500E-7	40199780.728469
3745488012.279711	16.500000	4.285000E-7	38506417.736289
3745488012.287731	16.500000	4.649000E-7	35491503.549150
3745488012.294538	16.500000	4.518000E-7	36520584.329349
3745488012.300634	16.500000	4.285000E-7	38506417.736289
3745488012.306686	16.500000	4.422500E-7	37309214.245336
3745488012.313610	16.500000	4.632000E-7	35621761.658031
3745488012.320638	16.500000	4.374500E-7	37718596.411018
3745488012.327275	16.500000	5.450000E-7	30275229.357798
3745488012.333409	16.500000	4.992500E-7	33049574.361542
3745488012.339619	16.500000	4.837500E-7	34108527.131783
3745488012.346505	16.500000	4.996500E-7	33023116.181327
3745488012.352499	16.500000	5.673500E-7	29082576.892571
3745488012.376128	17.000000	5.244000E-7	32418001.525553
3745488012.424004	17.000000	5.596000E-7	30378842.030021
3745488012.430011	17.000000	5.463500E-7	31115585.247552
3745488012.435996	17.000000	5.562500E-7	30561797.752809
3745488012.446939	17.000000	6.235000E-7	27265437.048917
3745488012.455915	17.000000	8.160500E-7	20832056.859261
3745488012.476871	17.000000	4.306500E-7	39475211.889005
3745488012.524730	17.000000	3.815000E-7	44560943.643512
3745488012.530715	17.000000	3.994000E-7	42563845.768653
3745488012.535702	17.000000	6.996500E-7	24297863.217323
3745488012.542686	17.000000	3.308000E-7	51390568.319226
3745488012.609503	17.000000	3.341000E-7	50882969.170907
3745488012.631446	17.500000	3.865500E-7	45272280.429440
3745488012.679317	17.500000	3.648500E-7	47964917.089215
3745488012.684319	17.500000	3.590000E-7	48746518.105850
3745488012.689291	17.500000	3.598000E-7	48638132.295720
3745488012.695276	17.500000	3.608500E-7	48496605.237633
3745488012.700263	17.500000	4.034500E-7	43375883.009047
3745488012.706245	17.500000	4.185500E-7	41811014.215745
3745488012.712230	17.500000	3.966500E-7	44119500.819362
3745488012.717217	17.500000	3.858500E-7	45354412.336400
3745488012.723202	17.500000	3.858000E-7	45360290.305858
3745488012.729185	17.500000	4.300500E-7	40692942.681084
3745488012.735169	17.500000	3.922000E-7	44620091.789903
3745488012.740175	17.500000	3.830000E-7	45691906.005222
3745488012.746140	17.500000	3.953000E-7	44270174.550974
3745488012.751128	17.500000	3.926500E-7	44568954.539666
3745488012.757109	17.500000	4.374000E-7	40009144.947417
3745488012.762098	17.500000	4.769000E-7	36695323.967289
3745488012.768083	17.500000	4.807500E-7	36401456.058242
3745488012.773066	17.500000	4.264500E-7	41036463.829288
3745488012.779065	17.500000	4.405500E-7	39723073.430939
3745488012.784037	17.500000	4.864000E-7	35978618.421053
3745488012.790022	17.500000	4.791000E-7	36526821.122939
3745488012.795008	17.500000	5.429000E-7	32234297.292319
3745488012.800991	17.500000	6.064500E-7	28856459.724627
3745488012.805978	17.500000	4.562000E-7	38360368.259535
3745488012.811975	17.500000	3.924000E-7	44597349.643221
3745488012.816951	17.500000	4.669500E-7	37477245.957811
3745488012.839887	18.000000	4.986500E-7	36097463.150506
3745488012.889757	18.000000	4.766000E-7	37767519.932858
3745488012.900733	18.000000	4.758000E-7	37831021.437579
3745488012.908707	18.000000	4.062000E-7	44313146.233383
3745488012.914706	18.000000	6.808500E-7	26437541.308658
3745488012.921710	18.000000	4.688000E-7	38395904.436860
3745488012.928680	18.000000	4.955500E-7	36323277.166784
3745488012.935663	18.000000	4.461500E-7	40345175.389443
3745488012.942619	18.000000	4.376500E-7	41128755.855135
3745488012.948635	18.000000	5.102000E-7	35280282.242258
3745488012.953583	18.000000	5.069000E-7	35509962.517262
3745488012.960569	18.000000	5.967500E-7	30163385.002095
3745488012.966623	18.000000	5.185500E-7	34712178.189181
3745488012.973616	18.000000	4.181500E-7	43046753.557336
3745488012.980593	18.000000	4.686000E-7	38412291.933419
3745488012.985603	18.000000	3.998500E-7	45016881.330499
3745488012.990598	18.000000	4.519500E-7	39827414.537006
3745488012.996599	18.000000	3.758000E-7	47897817.988292
3745488013.002598	18.000000	3.893000E-7	46236835.345492
3745488013.008605	18.000000	3.545000E-7	50775740.479549
3745488013.014598	18.000000	3.455000E-7	52098408.104197
3745488013.020582	18.000000	3.579000E-7	50293378.038558
3745488013.026458	18.000000	3.630500E-7	49579947.665611
3745488013.049661	18.500000	9.175000E-7	20163487.738420
3745488013.088020	18.500000	4.224500E-7	43792164.753225
3745488013.104979	18.500000	6.248000E-7	29609475.032010
3745488013.123926	18.500000	5.006000E-7	36955653.216141
3745488013.130916	18.500000	5.465000E-7	33851784.080512
3745488013.137903	18.500000	6.352500E-7	29122392.758756
3745488013.144878	18.500000	6.177000E-7	29949813.825482
3745488013.208735	18.500000	4.972500E-7	37204625.439920
3745488013.216680	18.500000	5.838000E-7	31688934.566632
3745488013.224691	18.500000	5.714000E-7	32376618.830942
3745488013.232636	18.500000	5.600000E-7	33035714.285714
3745488013.256660	19.000000	5.726500E-7	33179079.717105
3745488013.305638	19.000000	5.889500E-7	32260803.124204
3745488013.313654	19.000000	5.490500E-7	34605227.210637
3745488013.321590	19.000000	5.922500E-7	32081046.855213
3745488013.329381	19.000000	6.374500E-7	29806259.314456
3745488013.337606	19.000000	8.272500E-7	22967663.946812
3745488013.345337	19.000000	9.058500E-7	20974775.073136
3745488013.371571	19.000000	4.049000E-7	46925166.707829
3745488013.420158	19.000000	4.093000E-7	46420718.299536
3745488013.428112	19.000000	5.562000E-7	34160373.966199
3745488013.435343	19.000000	4.605500E-7	41255021.170340
3745488013.443074	19.000000	4.700500E-7	40421231.783853
3745488013.468040	19.500000	6.473500E-7	30122808.372596
3745488013.516875	19.500000	5.058500E-7	38548976.969457
3745488013.524060	19.500000	5.304500E-7	36761240.456216
3745488013.530872	19.500000	5.214000E-7	37399309.551208
3745488013.539827	19.500000	5.268000E-7	37015945.330296
3745488013.547814	19.500000	5.288000E-7	36875945.537065
3745488013.555069	19.500000	7.123500E-7	27374184.038745
3745488013.561765	19.500000	5.642000E-7	34562211.981567
3745488013.569755	19.500000	6.526000E-7	29880478.087649
3745488013.575717	19.500000	5.253000E-7	37121644.774415
3745488013.582755	19.500000	6.282000E-7	31041069.723018
3745488013.588721	19.500000	5.902500E-7	33036848.792884
3745488013.595665	19.500000	7.874500E-7	24763477.046162
3745488013.601645	19.500000	6.478500E-7	30099560.083353
3745488013.607633	19.500000	5.562000E-7	35059331.175836
3745488013.613615	19.500000	6.056500E-7	32196813.341039
3745488013.619605	19.500000	5.135500E-7	37970986.272028
3745488013.625582	19.500000	7.691000E-7	25354310.232740
3745488013.631604	19.500000	6.190500E-7	31499878.846620
3745488013.637603	19.500000	6.644500E-7	29347580.705847
3745488013.643569	19.500000	7.525500E-7	25911899.541559
3745488013.649596	19.500000	9.658500E-7	20189470.414661
3745488013.672736	20.000000	4.613500E-7	43351035.005961
3745488013.721362	20.000000	5.199000E-7	38468936.333910
3745488013.728482	20.000000	7.100500E-7	28167030.490811
3745488013.736543	20.000000	5.692500E-7	35133948.177426
3745488013.744264	20.000000	4.997000E-7	40024014.408645
3745488013.752479	20.000000	6.856500E-7	29169401.298038
3745488013.760225	20.000000	6.104000E-7	32765399.737877
3745488013.766533	20.000000	6.041500E-7	33104361.499628
3745488013.772370	20.000000	4.263000E-7	46915317.851278
3745488013.778522	20.000000	4.588500E-7	43587228.941920
3745488013.784543	20.000000	4.406500E-7	45387495.744922
3745488013.790310	20.000000	3.995500E-7	50056313.352522
3745488013.796413	20.000000	4.037500E-7	49535603.715170
3745488013.802112	20.000000	4.276000E-7	46772684.752105
3745488013.808254	20.000000	4.383000E-7	45630846.452202
3745488013.814092	20.000000	3.814000E-7	52438384.897745
3745488013.820219	20.000000	3.850000E-7	51948051.948052
3745488013.826052	20.000000	3.973000E-7	50339793.606846
3745488013.832191	20.000000	4.003500E-7	49956288.247783
3745488013.839012	20.000000	4.449500E-7	44948870.659625
3745488013.844156	20.000000	4.456500E-7	44878267.698867
3745488013.850980	20.000000	4.842000E-7	41305245.766212
3745488013.855966	20.000000	5.122500E-7	39043435.822352
