3745487996.19609	-20.000	-0.0000004259	46964893.74193	
3745487996.24695	-20.000	-0.0000005270	37947063.84593	
3745487996.25791	-20.000	-0.0000006929	28862111.26344	
3745487996.26589	-20.000	-0.0000004676	42771599.65783	
3745487996.27187	-20.000	-0.0000004855	41194644.69619	
3745487996.27887	-20.000	-0.0000005005	39964032.37087	
3745487996.28584	-20.000	-0.0000005247	38117019.24909	
3745487996.29282	-20.000	-0.0000005881	34007821.79901	
3745487996.29984	-20.000	-0.0000004889	40908161.17816	
3745487996.30581	-20.000	-0.0000004572	43739748.49645	
3745487996.31276	-20.000	-0.0000005394	37074798.40578	
3745487996.31775	-20.000	-0.0000005474	36536353.67190	
3745487996.32274	-20.000	-0.0000004884	40950040.95004	
3745487996.32872	-20.000	-0.0000006152	32507110.93052	
3745487996.33471	-20.000	-0.0000005065	39490571.62602	
3745487996.33969	-20.000	-0.0000005147	38857586.94385	
3745487996.34568	-20.000	-0.0000006715	29781847.96367	
3745487996.35166	-20.000	-0.0000006182	32349373.23089	
3745487996.35665	-20.000	-0.0000005389	37112636.85285	
3745487996.36263	-20.000	-0.0000004808	41597337.77038	
3745487996.36863	-20.000	-0.0000005215	38354588.16761	
3745487996.37360	-20.000	-0.0000005717	34980323.56799	
3745487996.37960	-20.000	-0.0000004920	40650406.50407	
3745487996.40256	-19.500	-0.0000008041	24250715.08519	
3745487996.45063	-19.500	-0.0000006417	30390399.75064	
3745487996.45837	-19.500	-0.0000004885	39914031.31716	
3745487996.46662	-19.500	-0.0000005674	34364261.16838	
3745487996.48958	-19.500	-0.0000005199	37507212.92556	
3745487996.53946	-19.500	-0.0000005290	36865488.23140	
3745487996.54666	-19.500	-0.0000005552	35119315.62359	
3745487996.55360	-19.500	-0.0000004797	40650406.50407	
3745487996.56141	-19.500	-0.0000005901	33042446.83555	
3745487996.56850	-19.500	-0.0000005992	32546106.98490	
3745487996.57567	-19.500	-0.0000006538	29825634.75069	
3745487996.58267	-19.500	-0.0000008299	23496806.84420	
3745487996.60865	-19.500	-0.0000004817	40481627.56903	
3745487996.67442	-19.000	-0.0000005362	35437843.88697	
3745487996.72300	-19.000	-0.0000005215	36433365.29243	
3745487996.72996	-19.000	-0.0000004681	40589617.60308	
3745487996.73694	-19.000	-0.0000005742	33089515.84814	
3745487996.74328	-19.000	-0.0000004618	41147807.25501	
3745487996.74991	-19.000	-0.0000004704	40386863.64119	
3745487996.75689	-19.000	-0.0000005068	37490134.17522	
3745487996.76389	-19.000	-0.0000004965	38267875.12588	
3745487996.76916	-19.000	-0.0000005213	36447343.18051	
3745487996.77584	-19.000	-0.0000005248	36204268.29268	
3745487996.78183	-19.000	-0.0000005253	36169807.72892	
3745487996.78782	-19.000	-0.0000005021	37844836.17170	
3745487996.79296	-19.000	-0.0000005539	34302220.61744	
3745487996.79977	-19.000	-0.0000005766	32954644.00312	
3745487996.80575	-19.000	-0.0000004604	41268462.20678	
3745487996.81175	-19.000	-0.0000005080	37401574.80315	
3745487996.81773	-19.000	-0.0000004494	42273890.31038	
3745487996.82273	-19.000	-0.0000005127	37055095.07557	
3745487996.82872	-19.000	-0.0000005865	32398328.92830	
3745487996.83368	-19.000	-0.0000006051	31402363.44104	
3745487996.83869	-19.000	-0.0000005115	37142019.35295	
3745487996.84465	-19.000	-0.0000004415	43035107.58777	
3745487996.85064	-19.000	-0.0000005125	37073170.73171	
3745487996.85562	-19.000	-0.0000005745	33069358.62849	
3745487996.87956	-18.500	-0.0000004674	39584893.54873	
3745487996.92743	-18.500	-0.0000004740	39029535.86498	
3745487996.93345	-18.500	-0.0000005178	35728080.33990	
3745487996.93844	-18.500	-0.0000005258	35184480.79118	
3745487996.94339	-18.500	-0.0000005497	33654720.75678	
3745487996.94941	-18.500	-0.0000006512	28409090.90909	
3745487996.95535	-18.500	-0.0000006437	28740096.31816	
3745487996.96135	-18.500	-0.0000006957	26591921.80538	
3745487996.96732	-18.500	-0.0000005634	32836350.72772	
3745487996.97333	-18.500	-0.0000005280	35037878.78788	
3745487996.97930	-18.500	-0.0000004071	45437799.33685	
3745487996.98428	-18.500	-0.0000004677	39555270.47253	
3745487996.98926	-18.500	-0.0000005623	32900586.87533	
3745487996.99525	-18.500	-0.0000004285	43178900.68853	
3745487997.00023	-18.500	-0.0000005279	35041197.08306	
3745487997.00622	-18.500	-0.0000004555	40619167.85597	
3745487997.01220	-18.500	-0.0000004246	43565289.06158	
3745487997.01819	-18.500	-0.0000003845	48108178.39033	
3745487997.02317	-18.500	-0.0000004020	46019900.49751	
3745487997.02916	-18.500	-0.0000003895	47490694.39096	
3745487997.03414	-18.500	-0.0000004458	41493775.93361	
3745487997.03913	-18.500	-0.0000004389	42150831.62452	
3745487997.04511	-18.500	-0.0000005460	33882783.88278	
3745487997.05110	-18.500	-0.0000004353	42494544.61927	
3745487997.05708	-18.500	-0.0000004006	46174965.68077	
3745487997.06306	-18.500	-0.0000003935	47019951.70924	
3745487997.08600	-18.000	-0.0000005112	35207823.96088	
3745487997.13388	-18.000	-0.0000004179	43072505.38406	
3745487997.13986	-18.000	-0.0000003922	45889101.33843	
3745487997.14584	-18.000	-0.0000003222	55865921.78771	
3745487997.15083	-18.000	-0.0000003315	54290453.92852	
3745487997.15582	-18.000	-0.0000003497	51480051.48005	
3745487997.16180	-18.000	-0.0000003230	55727554.17957	
3745487997.16779	-18.000	-0.0000003307	54438227.73325	
3745487997.17277	-18.000	-0.0000003191	56408649.32623	
3745487997.17876	-18.000	-0.0000003444	52264808.36237	
3745487997.18374	-18.000	-0.0000003909	46047582.50192	
3745487997.18873	-18.000	-0.0000003884	46349942.06257	
3745487997.19472	-18.000	-0.0000003678	48939641.10930	
3745487997.19971	-18.000	-0.0000003305	54462934.94705	
3745487997.20469	-18.000	-0.0000003256	55291045.92229	
3745487997.21067	-18.000	-0.0000003149	57151928.87760	
3745487997.21566	-18.000	-0.0000003614	49799419.00678	
3745487997.22064	-18.000	-0.0000003715	48452220.72678	
3745487997.22663	-18.000	-0.0000005962	30191211.00302	
3745487997.23161	-18.000	-0.0000004832	37247801.34506	
3745487997.23660	-18.000	-0.0000004799	37511722.41325	
3745487997.24159	-18.000	-0.0000004148	43394406.94311	
3745487997.24757	-18.000	-0.0000003463	51978053.71066	
3745487997.25256	-18.000	-0.0000004103	43875685.55759	
3745487997.25754	-18.000	-0.0000003672	49019607.84314	
3745487997.26353	-18.000	-0.0000003907	46065259.11708	
3745487997.26852	-18.000	-0.0000005888	30568056.38108	
3745487997.29445	-17.500	-0.0000002800	62500000.00000	
3745487997.34232	-17.500	-0.0000003478	50309041.25341	
3745487997.35230	-17.500	-0.0000003534	49518958.68704	
3745487997.36127	-17.500	-0.0000002580	67842605.15604	
3745487997.36925	-17.500	-0.0000002870	60986234.53563	
3745487997.37623	-17.500	-0.0000002978	58764271.32304	
3745487997.38321	-17.500	-0.0000003274	53451435.55284	
3745487997.38820	-17.500	-0.0000002616	66896024.46483	
3745487997.39418	-17.500	-0.0000002599	67320638.58434	
3745487997.40016	-17.500	-0.0000002618	66857688.63419	
3745487997.40516	-17.500	-0.0000002570	68093385.21401	
3745487997.41014	-17.500	-0.0000002757	63474791.43997	
3745487997.41512	-17.500	-0.0000002625	66653970.67225	
3745487997.42011	-17.500	-0.0000002698	64850843.06096	
3745487997.42510	-17.500	-0.0000003108	56315366.04988	
3745487997.43009	-17.500	-0.0000003116	56170759.10769	
3745487997.43508	-17.500	-0.0000003008	58168522.51953	
3745487997.44006	-17.500	-0.0000003218	54381603.48042	
3745487997.44504	-17.500	-0.0000003637	48123195.38017	
3745487997.45004	-17.500	-0.0000003062	57161522.12967	
3745487997.45502	-17.500	-0.0000003470	50425010.80536	
3745487997.46200	-17.500	-0.0000002894	60469937.80235	
3745487997.47596	-17.500	-0.0000002761	63371356.14702	
3745487997.50289	-17.000	-0.0000002583	65827686.35044	
3745487997.55076	-17.000	-0.0000002388	71174377.22420	
3745487997.55576	-17.000	-0.0000002477	68645265.49566	
3745487997.56073	-17.000	-0.0000002792	60888252.14900	
3745487997.56572	-17.000	-0.0000002675	63539525.32237	
3745487997.57071	-17.000	-0.0000003449	49296795.70828	
3745487997.57669	-17.000	-0.0000002628	64687975.64688	
3745487997.58168	-17.000	-0.0000002503	67932067.93207	
3745487997.58667	-17.000	-0.0000003038	55967078.18930	
3745487997.59165	-17.000	-0.0000002331	72914432.76860	
3745487997.59764	-17.000	-0.0000002555	66536203.52250	
3745487997.60262	-17.000	-0.0000002621	64860740.17551	
3745487997.60762	-17.000	-0.0000002326	73102558.58955	
3745487997.61359	-17.000	-0.0000002551	66640533.12426	
3745487997.61858	-17.000	-0.0000002293	74138682.94810	
3745487997.62358	-17.000	-0.0000002338	72711719.41831	
3745487997.63055	-17.000	-0.0000002442	69600818.83316	
3745487997.63653	-17.000	-0.0000002837	59911894.27313	
3745487997.64252	-17.000	-0.0000002846	59732958.53830	
3745487997.64751	-17.000	-0.0000002353	72232844.69938	
3745487997.65249	-17.000	-0.0000002341	72634052.55287	
3745487997.65847	-17.000	-0.0000002491	68259385.66553	
3745487997.66446	-17.000	-0.0000002393	71040534.89344	
3745487997.66944	-17.000	-0.0000002406	70642011.21961	
3745487997.67443	-17.000	-0.0000002480	68548387.09677	
3745487997.68042	-17.000	-0.0000002495	68149929.84566	
3745487997.68540	-17.000	-0.0000002690	63185281.54618	
3745487997.70834	-16.500	-0.0000002109	78236130.86771	
3745487997.75522	-16.500	-0.0000002086	79098753.59540	
3745487997.76122	-16.500	-0.0000002121	77793493.63508	
3745487997.76719	-16.500	-0.0000002106	78328981.72324	
3745487997.77339	-16.500	-0.0000002183	75601374.57045	
3745487997.77933	-16.500	-0.0000002281	72336694.43227	
3745487997.78635	-16.500	-0.0000002239	73677160.08038	
3745487997.79328	-16.500	-0.0000003044	54204993.42970	
3745487997.79910	-16.500	-0.0000002401	68721366.09746	
3745487997.80517	-16.500	-0.0000002170	76036866.35945	
3745487997.81007	-16.500	-0.0000002291	72020951.54954	
3745487997.81624	-16.500	-0.0000002395	68893528.18372	
3745487997.82223	-16.500	-0.0000003737	44153063.95504	
3745487997.82902	-16.500	-0.0000002384	69211409.39597	
3745487997.83500	-16.500	-0.0000002310	71413114.04458	
3745487997.84016	-16.500	-0.0000002087	79060852.89890	
3745487997.84697	-16.500	-0.0000001988	83018867.92453	
3745487997.85295	-16.500	-0.0000001983	83207261.72466	
3745487997.85809	-16.500	-0.0000001995	82727500.62672	
3745487997.86408	-16.500	-0.0000002056	80272439.79567	
3745487997.86991	-16.500	-0.0000002116	77958894.40113	
3745487997.87617	-16.500	-0.0000002031	81240768.09453	
3745487997.88389	-16.500	-0.0000002034	81140890.09098	
3745487997.88986	-16.500	-0.0000002183	75601374.57045	
3745487997.91384	-16.000	-0.0000001824	87719298.24561	
3745487997.96267	-16.000	-0.0000001880	85083754.32066	
3745487997.96965	-16.000	-0.0000001890	84656084.65608	
3745487997.97662	-16.000	-0.0000001877	85242408.09803	
3745487997.98367	-16.000	-0.0000001936	82644628.09917	
3745487997.99064	-16.000	-0.0000002068	77369439.07157	
3745487997.99764	-16.000	-0.0000002477	64594267.25878	
3745487998.00455	-16.000	-0.0000001956	81799591.00204	
3745487998.01267	-16.000	-0.0000002028	78876016.76115	
3745487998.01967	-16.000	-0.0000001957	81757792.53960	
3745487998.02749	-16.000	-0.0000001870	85538626.03582	
3745487998.03570	-16.000	-0.0000002061	77632217.37021	
3745487998.04345	-16.000	-0.0000001759	90960773.16657	
3745487998.05170	-16.000	-0.0000001770	90369951.99096	
3745487998.05865	-16.000	-0.0000001730	92485549.13295	
3745487998.06561	-16.000	-0.0000001737	92112838.22683	
3745487998.07360	-16.000	-0.0000001753	91246079.27003	
3745487998.08034	-16.000	-0.0000001724	92834348.70902	
3745487998.08533	-16.000	-0.0000002122	75418336.08296	
3745487998.09166	-16.000	-0.0000001763	90728664.58747	
3745487998.09762	-16.000	-0.0000001757	91064314.17188	
3745487998.12157	-15.500	-0.0000002583	59996129.28198	
3745487998.16927	-15.500	-0.0000001616	95886173.83235	
3745487998.17738	-15.500	-0.0000001547	100193923.72334	
3745487998.18507	-15.500	-0.0000001767	87719298.24561	
3745487998.19129	-15.500	-0.0000001673	92647937.83622	
3745487998.19719	-15.500	-0.0000001588	97576329.87095	
3745487998.20402	-15.500	-0.0000001515	102310231.02310	
3745487998.21000	-15.500	-0.0000001533	101108936.72538	
3745487998.21698	-15.500	-0.0000001555	99710517.85140	
3745487998.22296	-15.500	-0.0000001574	98475222.36341	
3745487998.22807	-15.500	-0.0000001572	98631880.36907	
3745487998.23493	-15.500	-0.0000001637	94656488.54962	
3745487998.24092	-15.500	-0.0000001912	81066945.60669	
3745487998.24690	-15.500	-0.0000001682	92179601.54624	
3745487998.25288	-15.500	-0.0000001774	87373167.98196	
3745487998.25888	-15.500	-0.0000001563	99136552.60633	
3745487998.26399	-15.500	-0.0000001686	91933570.58126	
3745487998.26885	-15.500	-0.0000002002	77441918.56108	
3745487998.27485	-15.500	-0.0000002711	57174474.36370	
3745487998.28081	-15.500	-0.0000001747	88698140.20029	
3745487998.28680	-15.500	-0.0000001584	97884433.21756	
3745487998.29278	-15.500	-0.0000001587	97637795.27559	
3745487998.29789	-15.500	-0.0000001594	97239648.68256	
3745487998.30377	-15.500	-0.0000001530	101340307.28996	
3745487998.32669	-15.000	-0.0000001422	105448154.65729	
3745487998.37556	-15.000	-0.0000001403	106913756.23664	
3745487998.38166	-15.000	-0.0000001524	98457499.17952	
3745487998.38852	-15.000	-0.0000002479	60496067.75560	
3745487998.39452	-15.000	-0.0000002018	74312608.37255	
3745487998.40049	-15.000	-0.0000002449	61249489.58759	
3745487998.40655	-15.000	-0.0000002468	60790273.55623	
3745487998.41473	-15.000	-0.0000004265	35169988.27667	
3745487998.42243	-15.000	-0.0000001349	111193476.64937	
3745487998.42867	-15.000	-0.0000001353	110864745.01109	
3745487998.43465	-15.000	-0.0000001355	110701107.01107	
3745487998.44071	-15.000	-0.0000001377	108932461.87364	
3745487998.44773	-15.000	-0.0000001333	112570356.47280	
3745487998.45464	-15.000	-0.0000001369	109609061.01571	
3745487998.46268	-15.000	-0.0000001364	109970674.48680	
3745487998.46961	-15.000	-0.0000001424	105374077.97682	
3745487998.47556	-15.000	-0.0000001400	107181136.12004	
3745487998.48128	-15.000	-0.0000001485	101044122.60020	
3745487998.48741	-15.000	-0.0000001393	107719928.18671	
3745487998.49329	-15.000	-0.0000001410	106382978.72340	
3745487998.49951	-15.000	-0.0000001433	104638995.46564	
3745487998.50556	-15.000	-0.0000001361	110213078.61866	
3745487998.51150	-15.000	-0.0000001422	105448154.65729	
3745487998.53447	-14.500	-0.0000001139	127360562.14317	
3745487998.58300	-14.500	-0.0000001141	127025843.18879	
3745487998.59024	-14.500	-0.0000001139	127360562.14317	
3745487998.59699	-14.500	-0.0000001142	126970227.67075	
3745487998.60396	-14.500	-0.0000001142	126914660.83151	
3745487998.61192	-14.500	-0.0000001137	127528583.99296	
3745487998.61692	-14.500	-0.0000001130	128375387.33953	
3745487998.62289	-14.500	-0.0000001128	128546099.29078	
3745487998.62987	-14.500	-0.0000001132	128148475.47503	
3745487998.63587	-14.500	-0.0000001127	128717265.86773	
3745487998.64186	-14.500	-0.0000001125	128946198.31036	
3745487998.64784	-14.500	-0.0000001123	129175946.54788	
3745487998.65381	-14.500	-0.0000001118	129695885.50984	
3745487998.65891	-14.500	-0.0000001119	129579982.12690	
3745487998.66479	-14.500	-0.0000001128	128546099.29078	
3745487998.67077	-14.500	-0.0000001125	128888888.88889	
3745487998.67675	-14.500	-0.0000001125	128831630.38649	
3745487998.68274	-14.500	-0.0000001126	128774422.73535	
3745487998.68790	-14.500	-0.0000001222	118609406.95297	
3745487998.69273	-14.500	-0.0000001283	113016367.88776	
3745487998.69887	-14.500	-0.0000001320	109806891.32904	
3745487998.70567	-14.500	-0.0000001121	129348795.71811	
3745487998.71166	-14.500	-0.0000001116	129928315.41219	
3745487998.71864	-14.500	-0.0000001128	128546099.29078	
3745487998.74171	-14.000	-0.0000001022	136986301.36986	
3745487998.78969	-14.000	-0.0000001014	137999014.29276	
3745487998.79743	-14.000	-0.0000001007	139095876.80079	
3745487998.80378	-14.000	-0.0000001014	138067061.14398	
3745487998.81039	-14.000	-0.0000001003	139581256.23131	
3745487998.81673	-14.000	-0.0000001021	137187653.11122	
3745487998.82374	-14.000	-0.0000001033	135593220.33898	
3745487998.83170	-14.000	-0.0000001017	137727496.31087	
3745487998.83832	-14.000	-0.0000001019	137457044.67354	
3745487998.84431	-14.000	-0.0000001021	137053352.91238	
3745487998.85160	-14.000	-0.0000001017	137659783.67748	
3745487998.85727	-14.000	-0.0000001009	138820029.74715	
3745487998.86463	-14.000	-0.0000001003	139539519.58537	
3745487998.88152	-14.000	-0.0000000996	140498770.63576	
3745487998.88850	-14.000	-0.0000001063	131733709.71536	
3745487998.90743	-14.000	-0.0000000994	140880503.14465	
3745487998.93138	-14.000	-0.0000000983	142486387.46120	
3745487998.95937	-13.500	-0.0000000909	148514851.48515	
3745487999.04080	-13.500	-0.0000000861	156712519.58906	
3745487999.05773	-13.500	-0.0000000858	157296824.93446	
3745487999.06571	-13.500	-0.0000000951	141903610.65854	
3745487999.07272	-13.500	-0.0000000857	157526254.37573	
3745487999.07967	-13.500	-0.0000000861	156767113.74325	
3745487999.08670	-13.500	-0.0000000863	156449182.98760	
3745487999.09465	-13.500	-0.0000000864	156286177.35587	
3745487999.10361	-13.500	-0.0000001093	123456790.12346	
3745487999.12571	-13.500	-0.0000000846	159489633.17384	
3745487999.14251	-13.500	-0.0000000850	158767493.82571	
3745487999.17075	-13.000	-0.0000000768	169226763.86358	
3745487999.22843	-13.000	-0.0000000778	167105855.13208	
3745487999.23559	-13.000	-0.0000000842	154339309.03479	
3745487999.24257	-13.000	-0.0000000896	145105480.52238	
3745487999.24952	-13.000	-0.0000000825	157585308.20050	
3745487999.25654	-13.000	-0.0000000752	172929830.39574	
3745487999.26454	-13.000	-0.0000000754	172413793.10345	
3745487999.27146	-13.000	-0.0000000756	171969045.57180	
3745487999.27814	-13.000	-0.0000000757	171832661.42357	
3745487999.28541	-13.000	-0.0000000780	166677351.11225	
3745487999.29242	-13.000	-0.0000000773	168175937.90427	
3745487999.29809	-13.000	-0.0000000768	169204737.73266	
3745487999.30539	-13.000	-0.0000000771	168677825.35357	
3745487999.31339	-13.000	-0.0000000736	176690451.91981	
3745487999.35295	-13.000	-0.0000000737	176414710.27276	
3745487999.38187	-12.500	-0.0000000661	189035916.82420	
3745487999.43871	-12.500	-0.0000000671	186414137.64820	
3745487999.44470	-12.500	-0.0000000660	189508793.20800	
3745487999.45168	-12.500	-0.0000000678	184461004.94355	
3745487999.45767	-12.500	-0.0000000677	184692671.39480	
3745487999.46368	-12.500	-0.0000000806	155125341.27575	
3745487999.50372	-12.500	-0.0000000824	151763491.77442	
3745487999.51052	-12.500	-0.0000000885	141290833.05075	
3745487999.51773	-12.500	-0.0000000836	149539418.59074	
3745487999.52472	-12.500	-0.0000000942	132654144.11546	
3745487999.53774	-12.500	-0.0000000719	173840483.97191	
3745487999.57463	-12.500	-0.0000000696	179559003.08841	
3745487999.62156	-12.000	-0.0000000666	180180180.18018	
3745487999.70421	-12.000	-0.0000000548	218838333.18136	
3745487999.72116	-12.000	-0.0000000547	219358376.74801	
3745487999.72941	-12.000	-0.0000000545	220203688.41178	
3745487999.73735	-12.000	-0.0000000545	220304754.91096	
3745487999.74509	-12.000	-0.0000000544	220507166.48291	
3745487999.75307	-12.000	-0.0000000543	220994475.13812	
3745487999.76005	-12.000	-0.0000000542	221279734.46432	
3745487999.76902	-12.000	-0.0000000542	221565731.16691	
3745487999.77514	-12.000	-0.0000000541	221729490.02217	
3745487999.78299	-12.000	-0.0000000540	222057735.01110	
3745487999.78997	-12.000	-0.0000000539	222531293.46314	
3745487999.79695	-12.000	-0.0000000540	222345747.63758	
3745487999.80194	-12.000	-0.0000000538	223027599.66546	
3745487999.83086	-11.500	-0.0000000477	240989103.10142	
3745487999.88874	-11.500	-0.0000000475	242003367.00337	
3745487999.89569	-11.500	-0.0000000474	242616033.75527	
3745487999.90267	-11.500	-0.0000000474	242692835.28543	
3745487999.90865	-11.500	-0.0000000472	243540872.51165	
3745487999.91569	-11.500	-0.0000000471	244394857.08214	
3745487999.92361	-11.500	-0.0000000470	244550770.86656	
3745487999.93070	-11.500	-0.0000000468	245674001.28178	
3745487999.93857	-11.500	-0.0000000468	245752751.36233	
3745487999.94559	-11.500	-0.0000000467	246410970.64495	
3745487999.95270	-11.500	-0.0000000466	246675246.67525	
3745487999.96052	-11.500	-0.0000000465	247418244.40620	
3745487999.96770	-11.500	-0.0000000464	247791424.26201	
3745487999.97470	-11.500	-0.0000000464	247978436.65768	
3745487999.98277	-11.500	-0.0000000462	249052517.59610	
3745487999.98944	-11.500	-0.0000000461	249647237.59904	
3745487999.99642	-11.500	-0.0000000461	249457700.65076	
3745488000.00539	-11.500	-0.0000000459	250626566.41604	
3745488000.01935	-11.500	-0.0000000457	251421075.64495	
3745488000.04748	-11.000	-0.0000000403	272885140.16373	
3745488000.10548	-11.000	-0.0000000402	273938488.35761	
3745488000.11210	-11.000	-0.0000000401	274553849.99376	
3745488000.11943	-11.000	-0.0000000401	274588117.82327	
3745488000.12627	-11.000	-0.0000000400	274931267.18320	
3745488000.13405	-11.000	-0.0000000398	276104417.67068	
3745488000.14034	-11.000	-0.0000000396	277532483.91573	
3745488000.14801	-11.000	-0.0000000396	277532483.91573	
3745488000.15500	-11.000	-0.0000000397	276973435.72957	
3745488000.16198	-11.000	-0.0000000396	278058645.09606	
3745488000.16896	-11.000	-0.0000000394	278904665.31440	
3745488000.17594	-11.000	-0.0000000394	279400558.80112	
3745488000.18266	-11.000	-0.0000000393	280076384.46849	
3745488000.18930	-11.000	-0.0000000393	280147714.24933	
3745488000.19656	-11.000	-0.0000000392	280397654.85598	
3745488000.20358	-11.000	-0.0000000392	280719663.13640	
3745488000.21024	-11.000	-0.0000000391	281365903.56823	
3745488000.21756	-11.000	-0.0000000390	281978979.74878	
3745488000.22449	-11.000	-0.0000000390	282304632.36238	
3745488000.25245	-10.500	-0.0000000340	308778120.86458	
3745488000.31005	-10.500	-0.0000000340	308641975.30864	
3745488000.31819	-10.500	-0.0000000338	310559006.21118	
3745488000.32594	-10.500	-0.0000000338	310926858.15813	
3745488000.33419	-10.500	-0.0000000338	311018957.34597	
3745488000.34191	-10.500	-0.0000000337	311804008.90869	
3745488000.34889	-10.500	-0.0000000336	312360553.32441	
3745488000.35686	-10.500	-0.0000000335	313012371.44135	
3745488000.36383	-10.500	-0.0000000335	313386061.78182	
3745488000.37082	-10.500	-0.0000000335	313573241.75004	
3745488000.37680	-10.500	-0.0000000336	312686122.69208	
3745488000.38479	-10.500	-0.0000000335	313105710.45177	
3745488000.39178	-10.500	-0.0000000335	313199105.14541	
3745488000.39874	-10.500	-0.0000000334	314606741.57303	
3745488000.40572	-10.500	-0.0000000333	314889788.57400	
3745488000.41270	-10.500	-0.0000000331	316837658.41883	
3745488000.41968	-10.500	-0.0000000332	316646562.12304	
3745488000.42666	-10.500	-0.0000000331	317220543.80665	
3745488000.43371	-10.500	-0.0000000330	318616294.94766	
3745488000.46159	-10.000	-0.0000000286	349772647.77894	
3745488000.51868	-10.000	-0.0000000285	350569675.72305	
3745488000.52571	-10.000	-0.0000000285	351000351.00035	
3745488000.53264	-10.000	-0.0000000284	352298749.33944	
3745488000.53963	-10.000	-0.0000000283	352982703.84751	
3745488000.54665	-10.000	-0.0000000283	353232073.47227	
3745488000.55359	-10.000	-0.0000000282	354609929.07801	
3745488000.56030	-10.000	-0.0000000282	354107648.72521	
3745488000.56754	-10.000	-0.0000000281	355302895.71860	
3745488000.57430	-10.000	-0.0000000281	355302895.71860	
3745488000.58029	-10.000	-0.0000000281	355808574.98666	
3745488000.58624	-10.000	-0.0000000280	357079093.01910	
3745488000.59322	-10.000	-0.0000000280	357015351.66012	
3745488000.60051	-10.000	-0.0000000279	358037952.02291	
3745488000.60719	-10.000	-0.0000000278	359841669.66535	
3745488000.61445	-10.000	-0.0000000279	359001974.51086	
3745488000.62216	-10.000	-0.0000000279	359066427.28905	
3745488000.62949	-10.000	-0.0000000277	360620266.85900	
3745488000.63613	-10.000	-0.0000000278	360295442.26266	
3745488000.64312	-10.000	-0.0000000277	361402240.69389	
3745488000.67137	-9.500	-0.0000000238	399831649.83165	
3745488000.72924	-9.500	-0.0000000237	400590343.66435	
3745488000.73686	-9.500	-0.0000000236	402371876.32359	
3745488000.74286	-9.500	-0.0000000236	402798388.80644	
3745488000.75083	-9.500	-0.0000000235	404599659.28450	
3745488000.75781	-9.500	-0.0000000234	406504065.04065	
3745488000.76514	-9.500	-0.0000000233	407201028.71839	
3745488000.77279	-9.500	-0.0000000233	407113777.58732	
3745488000.77975	-9.500	-0.0000000233	407637845.95580	
3745488000.78673	-9.500	-0.0000000233	408163265.30612	
3745488000.79371	-9.500	-0.0000000232	409394527.04159	
3745488000.80073	-9.500	-0.0000000232	409130060.29285	
3745488000.80775	-9.500	-0.0000000231	411344446.84997	
3745488000.81470	-9.500	-0.0000000230	412863972.18601	
3745488000.82174	-9.500	-0.0000000230	413223140.49587	
3745488000.82873	-9.500	-0.0000000230	413223140.49587	
3745488000.83574	-9.500	-0.0000000229	414123801.22058	
3745488000.84358	-9.500	-0.0000000229	414575605.49858	
3745488000.85156	-9.500	-0.0000000228	416483998.24638	
3745488000.87976	-9.000	-0.0000000195	462368353.45492	
3745488000.93768	-9.000	-0.0000000194	463917525.77320	
3745488000.94460	-9.000	-0.0000000193	465717981.88875	
3745488000.95158	-9.000	-0.0000000193	467289719.62617	
3745488000.95855	-9.000	-0.0000000192	467653936.08730	
3745488000.96557	-9.000	-0.0000000192	467775467.77547	
3745488000.97241	-9.000	-0.0000000192	468994267.84784	
3745488000.97957	-9.000	-0.0000000192	469116497.26349	
3745488000.98619	-9.000	-0.0000000190	472564977.68443	
3745488000.99318	-9.000	-0.0000000190	472937467.15712	
3745488001.00016	-9.000	-0.0000000190	473684210.52632	
3745488001.00744	-9.000	-0.0000000190	473933649.28910	
3745488001.01431	-9.000	-0.0000000189	475310271.98310	
3745488001.02146	-9.000	-0.0000000189	476568705.32168	
3745488001.02908	-9.000	-0.0000000189	476821192.05298	
3745488001.03642	-9.000	-0.0000000188	478596118.05371	
3745488001.04304	-9.000	-0.0000000188	479488545.55141	
3745488001.04903	-9.000	-0.0000000188	478596118.05371	
3745488001.05700	-9.000	-0.0000000187	480640854.47263	
3745488001.08393	-8.500	-0.0000000158	538485904.33956	
3745488001.14178	-8.500	-0.0000000157	540025412.96061	
3745488001.14903	-8.500	-0.0000000157	540025412.96061	
3745488001.15676	-8.500	-0.0000000157	542957521.55861	
3745488001.16372	-8.500	-0.0000000156	545046489.25938	
3745488001.17170	-8.500	-0.0000000156	544000000.00000	
3745488001.17868	-8.500	-0.0000000155	547327752.73664	
3745488001.18466	-8.500	-0.0000000155	547856912.66516	
3745488001.19067	-8.500	-0.0000000156	546272493.57326	
3745488001.19765	-8.500	-0.0000000154	550518134.71503	
3745488001.20461	-8.500	-0.0000000154	552665799.73992	
3745488001.21060	-8.500	-0.0000000154	550874918.98898	
3745488001.21672	-8.500	-0.0000000153	553745928.33876	
3745488001.22356	-8.500	-0.0000000154	551053484.60292	
3745488001.22954	-8.500	-0.0000000153	555737169.00948	
3745488001.23676	-8.500	-0.0000000152	558842866.53517	
3745488001.24351	-8.500	-0.0000000152	558475689.88173	
3745488001.25074	-8.500	-0.0000000152	559762923.93810	
3745488001.25772	-8.500	-0.0000000153	557377049.18033	
3745488001.26470	-8.500	-0.0000000152	559762923.93810	
3745488001.29338	-8.000	-0.0000000126	633914421.55309	
3745488001.35125	-8.000	-0.0000000126	635172687.57443	
3745488001.35842	-8.000	-0.0000000125	637450199.20319	
3745488001.36542	-8.000	-0.0000000125	639488409.27258	
3745488001.37244	-8.000	-0.0000000125	640256102.44098	
3745488001.37925	-8.000	-0.0000000125	640768922.70725	
3745488001.38622	-8.000	-0.0000000124	644122383.25282	
3745488001.39311	-8.000	-0.0000000123	648298217.17990	
3745488001.40018	-8.000	-0.0000000123	650142218.61032	
3745488001.40707	-8.000	-0.0000000123	648298217.17990	
3745488001.41514	-8.000	-0.0000000123	652262535.67061	
3745488001.42303	-8.000	-0.0000000122	654129190.51513	
3745488001.42901	-8.000	-0.0000000122	657354149.54807	
3745488001.43628	-8.000	-0.0000000122	654396728.01636	
3745488001.44300	-8.000	-0.0000000122	656275635.76702	
3745488001.45195	-8.000	-0.0000000121	658436213.99177	
3745488001.45893	-8.000	-0.0000000122	658165364.04772	
3745488001.46592	-8.000	-0.0000000120	664176006.64176	
3745488001.47292	-8.000	-0.0000000121	663349917.08126	
3745488001.50083	-7.500	-0.0000000098	766871165.64417	
3745488001.57562	-7.500	-0.0000000098	766871165.64417	
3745488001.58163	-7.500	-0.0000000081	924214417.74492	
3745488001.61785	-7.500	-0.0000000096	779747361.85476	
3745488001.62485	-7.500	-0.0000000096	779544745.86841	
3745488001.63381	-7.500	-0.0000000096	783821915.66076	
3745488001.64079	-7.500	-0.0000000095	785422557.33585	
3745488001.64879	-7.500	-0.0000000095	787939276.14645	
3745488001.65606	-7.500	-0.0000000095	790763877.90606	
3745488001.66376	-7.500	-0.0000000095	791014080.05062	
3745488001.67088	-7.500	-0.0000000094	795629342.81016	
3745488001.67877	-7.500	-0.0000000094	796728103.25596	
3745488001.71060	-7.000	-0.0000000075	935203740.81496	
3745488001.79439	-7.000	-0.0000000075	936266969.83883	
3745488001.80336	-7.000	-0.0000000074	939723452.81246	
3745488001.81238	-7.000	-0.0000000074	943078477.60189	
3745488001.82156	-7.000	-0.0000000074	946073793.75591	
3745488001.83032	-7.000	-0.0000000074	949796472.18453	
3745488001.83851	-7.000	-0.0000000073	953548562.86609	
3745488001.84551	-7.000	-0.0000000073	955109837.63133	
3745488001.85250	-7.000	-0.0000000073	957199507.72597	
3745488001.85950	-7.000	-0.0000000073	960087779.45412	
3745488001.86619	-7.000	-0.0000000073	957264957.26496	
3745488001.87317	-7.000	-0.0000000073	965450658.57527	
3745488001.88030	-7.000	-0.0000000073	963258566.12082	
3745488001.88623	-7.000	-0.0000000072	966050234.61220	
3745488001.91805	-6.500	-0.0000000057	1150238895.77066	
3745488002.00186	-6.500	-0.0000000056	1156892409.00596	
3745488002.01280	-6.500	-0.0000000056	1160092807.42459	
3745488002.01983	-6.500	-0.0000000056	1168329289.11656	
3745488002.02778	-6.500	-0.0000000056	1167175435.44622	
3745488002.03474	-6.500	-0.0000000056	1166547020.81838	
3745488002.04176	-6.500	-0.0000000056	1170222342.24503	
3745488002.04902	-6.500	-0.0000000055	1174451169.93405	
3745488002.05672	-6.500	-0.0000000055	1180744777.47502	
3745488002.06366	-6.500	-0.0000000055	1183108846.01383	
3745488002.06967	-6.500	-0.0000000055	1186347873.69958	
3745488002.07563	-6.500	-0.0000000055	1189931350.11442	
3745488002.08161	-6.500	-0.0000000055	1190367182.49245	
3745488002.08764	-6.500	-0.0000000055	1189931350.11442	
3745488002.09358	-6.500	-0.0000000055	1192441753.80664	
3745488002.12450	-6.000	-0.0000000042	1431639226.91482	
3745488002.20728	-6.000	-0.0000000042	1433691756.27240	
3745488002.21626	-6.000	-0.0000000042	1444564824.84652	
3745488002.22548	-6.000	-0.0000000041	1446131597.97542	
3745488002.23421	-6.000	-0.0000000041	1450326323.42277	
3745488002.24120	-6.000	-0.0000000041	1458434613.51483	
3745488002.24948	-6.000	-0.0000000041	1460920379.83930	
3745488002.25647	-6.000	-0.0000000041	1462701121.40419	
3745488002.26333	-6.000	-0.0000000041	1462701121.40419	
3745488002.27011	-6.000	-0.0000000041	1465380388.32580	
3745488002.27529	-6.000	-0.0000000041	1469507714.91550	
3745488002.28108	-6.000	-0.0000000041	1474744992.01180	
3745488002.28723	-6.000	-0.0000000041	1477468603.79217	
3745488002.29305	-6.000	-0.0000000040	1483496105.82272	
3745488002.29903	-6.000	-0.0000000040	1490498074.77332	
3745488002.32996	-5.500	-0.0000000030	1823909799.36992	
3745488002.41073	-5.500	-0.0000000030	1826635669.21289	
3745488002.41775	-5.500	-0.0000000030	1833638939.82330	
3745488002.42477	-5.500	-0.0000000030	1854036743.63728	
3745488002.43178	-5.500	-0.0000000030	1861882193.63575	
3745488002.43873	-5.500	-0.0000000029	1864722834.37871	
3745488002.44577	-5.500	-0.0000000029	1868206521.73913	
3745488002.45374	-5.500	-0.0000000029	1873935264.05451	
3745488002.46160	-5.500	-0.0000000029	1879699248.12030	
3745488002.46877	-5.500	-0.0000000029	1884529724.17338	
3745488002.47563	-5.500	-0.0000000029	1889385091.03401	
3745488002.48272	-5.500	-0.0000000029	1900812165.19786	
3745488002.48952	-5.500	-0.0000000029	1900812165.19786	
3745488002.49561	-5.500	-0.0000000029	1903772931.81032	
3745488002.50170	-5.500	-0.0000000029	1912710832.89863	
3745488002.50874	-5.500	-0.0000000029	1920726383.79605	
3745488002.53971	-5.000	-0.0000000021	2390628735.35740	
3745488002.62416	-5.000	-0.0000000021	2411381721.72655	
3745488002.63713	-5.000	-0.0000000021	2423654871.54629	
3745488002.64910	-5.000	-0.0000000021	2434274586.17332	
3745488002.65607	-5.000	-0.0000000020	2442002442.00244	
3745488002.66406	-5.000	-0.0000000020	2443792766.37341	
3745488002.67004	-5.000	-0.0000000020	2452182442.37371	
3745488002.67627	-5.000	-0.0000000020	2443792766.37341	
3745488002.68400	-5.000	-0.0000000020	2444987775.06112	
3745488002.69198	-5.000	-0.0000000020	2447980416.15667	
3745488002.69896	-5.000	-0.0000000020	2476473501.73353	
3745488002.70495	-5.000	-0.0000000020	2483854942.87134	
3745488002.71093	-5.000	-0.0000000020	2492522432.70189	
3745488002.71691	-5.000	-0.0000000020	2497502497.50250	
3745488002.74685	-4.500	-0.0000000014	3250270855.90466	
3745488002.83068	-4.500	-0.0000000014	3250270855.90466	
3745488002.84359	-4.500	-0.0000000014	3269160915.36506	
3745488002.85566	-4.500	-0.0000000014	3282275711.15974	
3745488002.86452	-4.500	-0.0000000014	3303964757.70925	
3745488002.87172	-4.500	-0.0000000014	3305178112.37606	
3745488002.87879	-4.500	-0.0000000014	3291880029.26116	
3745488002.88578	-4.500	-0.0000000014	3324713705.20872	
3745488002.89284	-4.500	-0.0000000013	3334568358.65135	
3745488002.89978	-4.500	-0.0000000013	3337041156.84093	
3745488002.90643	-4.500	-0.0000000013	3348214285.71429	
3745488002.91372	-4.500	-0.0000000013	3356956359.56733	
3745488002.92068	-4.500	-0.0000000013	3368263473.05389	
3745488002.95163	-4.000	-0.0000000009	4483550972.37012	
3745488003.05202	-4.000	-0.0000000009	4520795660.03617	
3745488003.06300	-4.000	-0.0000000009	4548038658.32860	
3745488003.07396	-4.000	-0.0000000009	4588997877.58848	
3745488003.08098	-4.000	-0.0000000009	4600609580.76945	
3745488003.08692	-4.000	-0.0000000009	4608825901.60157	
3745488003.09291	-4.000	-0.0000000009	4603521694.09598	
3745488003.09989	-4.000	-0.0000000009	4603786614.49042	
3745488003.10706	-4.000	-0.0000000009	4611482591.65322	
3745488003.11486	-4.000	-0.0000000009	4613078076.34644	
3745488003.12212	-4.000	-0.0000000009	4639832966.01322	
3745488003.12984	-4.000	-0.0000000009	4651974181.54329	
3745488003.16472	-3.500	-0.0000000005	6524981357.19612	
3745488003.26467	-3.500	-0.0000000005	6550014035.74436	
3745488003.27542	-3.500	-0.0000000005	6630671592.30842	
3745488003.28563	-3.500	-0.0000000005	6603773584.90566	
3745488003.29537	-3.500	-0.0000000005	6557991380.92561	
3745488003.30262	-3.500	-0.0000000005	6587615283.26746	
3745488003.30954	-3.500	-0.0000000005	6641366223.90892	
3745488003.31652	-3.500	-0.0000000005	6692800458.93489	
3745488003.32468	-3.500	-0.0000000005	6696001530.51464	
3745488003.33158	-3.500	-0.0000000005	6683215581.43976	
3745488003.33853	-3.500	-0.0000000005	6701129618.99292	
3745488003.37347	-3.000	-0.0000000003	10249402118.20977	
3745488003.47391	-3.000	-0.0000000003	10328800137.71733	
3745488003.48587	-3.000	-0.0000000003	10343044302.70643	
3745488003.49786	-3.000	-0.0000000003	10266940451.74538	
3745488003.50481	-3.000	-0.0000000003	10314595152.14028	
3745488003.51279	-3.000	-0.0000000003	10311050008.59254	
3745488003.51980	-3.000	-0.0000000003	10377032168.79972	
3745488003.52677	-3.000	-0.0000000003	10389610389.61039	
3745488003.53378	-3.000	-0.0000000003	10295126973.23267	
3745488003.54076	-3.000	-0.0000000003	10382419103.65115	
3745488003.54778	-3.000	-0.0000000003	10360904852.35711	
3745488003.58359	-2.500	-0.0000000001	18214936247.72313	
3745488003.68333	-2.500	-0.0000000001	17605633802.81690	
3745488003.69431	-2.500	-0.0000000001	18181818181.81818	
3745488003.70627	-2.500	-0.0000000001	18083182640.14467	
3745488003.71443	-2.500	-0.0000000001	18115942028.98551	
3745488003.72138	-2.500	-0.0000000001	17901897601.14572	
3745488003.72822	-2.500	-0.0000000001	17863522686.67381	
3745488003.73420	-2.500	-0.0000000001	17979144192.73643	
3745488003.74035	-2.500	-0.0000000001	17580872011.25176	
3745488003.74632	-2.500	-0.0000000001	17605633802.81690	
3745488003.75250	-2.500	-0.0000000001	17850767583.00607	
3745488003.75928	-2.500	-0.0000000001	17587055926.83785	
3745488003.79503	-2.000	-0.0000000001	36127167630.05780	
3745488004.00947	-2.000	-0.0000000001	35919540229.88506	
3745488004.04636	-1.500	-0.0000000000	68571428571.42857	
3745488005.06261	-1.500	-0.0000000000	67552353073.63206	
3745488005.08735	-1.000	0.0000000000	-30595074193.05492	
3745488005.29181	-1.000	0.0000000000	-31343049678.73374	
3745488005.31378	-0.500	0.0000000001	-4422821760.28306	
3745488005.41351	-0.500	0.0000000001	-4631773969.43029	
3745488005.42550	-0.500	0.0000000001	-4531037607.61214	
3745488005.43342	-0.500	0.0000000001	-4633920296.57090	
3745488005.44069	-0.500	0.0000000001	-4734848484.84848	
3745488005.44768	-0.500	0.0000000001	-4773269689.73747	
3745488005.45468	-0.500	0.0000000001	-4842615012.10654	
3745488005.46273	-0.500	0.0000000001	-4800768122.89966	
3745488005.46962	-0.500	0.0000000001	-4957858205.25533	
3745488005.47631	-0.500	0.0000000001	-5025125628.14070	
3745488005.48329	-0.500	0.0000000001	-4928536224.74125	
3745488005.48929	-0.500	0.0000000001	-4967709885.74267	
3745488005.49662	-0.500	0.0000000001	-5099439061.70321	
3745488005.50353	-0.500	0.0000000001	-5107252298.26353	
3745488005.53847	0.500	0.0000000003	1627339300.24410	
3745488005.63888	0.500	0.0000000003	1630789302.02218	
3745488005.65086	0.500	0.0000000003	1671681711.80207	
3745488005.66082	0.500	0.0000000003	1694053870.91309	
3745488005.66682	0.500	0.0000000003	1708817498.29118	
3745488005.67378	0.500	0.0000000003	1714677640.60357	
3745488005.67877	0.500	0.0000000003	1726221301.57086	
3745488005.68575	0.500	0.0000000003	1719690455.71797	
3745488005.69173	0.500	0.0000000003	1726221301.57086	
3745488005.69773	0.500	0.0000000003	1751620248.73008	
3745488005.70371	0.500	0.0000000003	1779992880.02848	
3745488005.70869	0.500	0.0000000003	1793721973.09417	
3745488005.74389	1.000	0.0000000004	2624671916.01050	
3745488005.84174	1.000	0.0000000004	2632271650.43432	
3745488005.84872	1.000	0.0000000004	2634351949.42044	
3745488005.85570	1.000	0.0000000004	2649357530.79878	
3745488005.86268	1.000	0.0000000004	2660635891.97818	
3745488005.86963	1.000	0.0000000004	2684563758.38926	
3745488005.87661	1.000	0.0000000004	2701607456.43658	
3745488005.88259	1.000	0.0000000004	2707459049.68187	
3745488005.88858	1.000	0.0000000004	2718499388.33764	
3745488005.89456	1.000	0.0000000004	2723311546.84096	
3745488005.90056	1.000	0.0000000004	2754062241.80666	
3745488005.90656	1.000	0.0000000004	2752924982.79422	
3745488005.91256	1.000	0.0000000004	2771618625.27716	
3745488005.91856	1.000	0.0000000004	2796029637.91416	
3745488005.95269	1.500	0.0000000005	3202732998.82566	
3745488006.05215	1.500	0.0000000005	3206841261.35756	
3745488006.06215	1.500	0.0000000005	3226153349.82256	
3745488006.07807	1.500	0.0000000005	3266194882.96135	
3745488006.08440	1.500	0.0000000005	3258744297.19748	
3745488006.09240	1.500	0.0000000005	3263352550.85391	
3745488006.09931	1.500	0.0000000005	3285510896.94448	
3745488006.10630	1.500	0.0000000005	3308337009.26334	
3745488006.11333	1.500	0.0000000005	3308701885.96007	
3745488006.12024	1.500	0.0000000005	3318217011.39255	
3745488006.12794	1.500	0.0000000005	3307607497.24366	
3745488006.16185	2.000	0.0000000006	3499256408.01330	
3745488006.25970	2.000	0.0000000006	3514320857.49429	
3745488006.26756	2.000	0.0000000006	3538570417.55131	
3745488006.27366	2.000	0.0000000006	3555239534.26362	
3745488006.28066	2.000	0.0000000006	3565697985.38064	
3745488006.28752	2.000	0.0000000006	3575259206.29246	
3745488006.29354	2.000	0.0000000006	3575259206.29246	
3745488006.29951	2.000	0.0000000006	3590341980.07360	
3745488006.30551	2.000	0.0000000006	3610434154.70710	
3745488006.31151	2.000	0.0000000006	3605552550.92843	
3745488006.31852	2.000	0.0000000006	3625815808.55692	
3745488006.32452	2.000	0.0000000006	3635041802.98073	
3745488006.33050	2.000	0.0000000006	3634711494.77510	
3745488006.33648	2.000	0.0000000006	3635372171.22603	
3745488006.37051	2.500	0.0000000007	3652034183.03995	
3745488006.46945	2.500	0.0000000007	3671341508.18709	
3745488006.48145	2.500	0.0000000007	3696311081.54062	
3745488006.49036	2.500	0.0000000007	3710299792.22321	
3745488006.49754	2.500	0.0000000007	3710299792.22321	
3745488006.50456	2.500	0.0000000007	3717748531.48933	
3745488006.51146	2.500	0.0000000007	3737200089.69280	
3745488006.51864	2.500	0.0000000007	3745598921.26751	
3745488006.52554	2.500	0.0000000007	3759681179.03602	
3745488006.53251	2.500	0.0000000007	3777290926.94719	
3745488006.53956	2.500	0.0000000007	3782720532.60705	
3745488006.54649	2.500	0.0000000007	3789314134.14172	
3745488006.58176	3.000	0.0000000008	3723008190.61802	
3745488006.68322	3.000	0.0000000008	3746253746.25375	
3745488006.69419	3.000	0.0000000008	3753988612.90121	
3745488006.70317	3.000	0.0000000008	3785011355.03406	
3745488006.71113	3.000	0.0000000008	3806865046.63410	
3745488006.71712	3.000	0.0000000008	3810249571.34692	
3745488006.72426	3.000	0.0000000008	3806623524.93338	
3745488006.73108	3.000	0.0000000008	3818251240.93165	
3745488006.73607	3.000	0.0000000008	3822873526.60083	
3745488006.74220	3.000	0.0000000008	3827018752.39189	
3745488006.74818	3.000	0.0000000008	3835826620.63675	
3745488006.75417	3.000	0.0000000008	3842213114.75410	
3745488006.78892	3.500	0.0000000009	3693931398.41689	
3745488006.88971	3.500	0.0000000009	3720040389.00994	
3745488006.90168	3.500	0.0000000009	3737519355.01095	
3745488006.91066	3.500	0.0000000009	3755767786.24316	
3745488006.91765	3.500	0.0000000009	3771958185.14926	
3745488006.92574	3.500	0.0000000009	3772364733.77883	
3745488006.93262	3.500	0.0000000009	3787878787.87879	
3745488006.93975	3.500	0.0000000009	3789519272.41230	
3745488006.94670	3.500	0.0000000009	3800836183.96047	
3745488006.95373	3.500	0.0000000009	3809109212.60271	
3745488006.96048	3.500	0.0000000009	3824927599.58472	
3745488006.99453	4.000	0.0000000011	3535130357.93195	
3745488007.07820	4.000	0.0000000011	3550821127.38571	
3745488007.09016	4.000	0.0000000011	3571428571.42857	
3745488007.09809	4.000	0.0000000011	3574620196.60411	
3745488007.10507	4.000	0.0000000011	3579418344.51902	
3745488007.11120	4.000	0.0000000011	3595505617.97753	
3745488007.11721	4.000	0.0000000011	3603603603.60360	
3745488007.12320	4.000	0.0000000011	3610108303.24910	
3745488007.12918	4.000	0.0000000011	3616636528.02893	
3745488007.13599	4.000	0.0000000011	3616636528.02893	
3745488007.14198	4.000	0.0000000011	3621548211.86057	
3745488007.14696	4.000	0.0000000011	3626473254.75975	
3745488007.15394	4.000	0.0000000011	3629764065.33575	
3745488007.15893	4.000	0.0000000011	3638017280.58208	
3745488007.16692	4.000	0.0000000011	3644646924.82916	
3745488007.19785	4.500	0.0000000014	3258508327.29906	
3745488007.28161	4.500	0.0000000014	3239740820.73434	
3745488007.29357	4.500	0.0000000014	3238575026.98813	
3745488007.30264	4.500	0.0000000015	3095975232.19814	
3745488007.30953	4.500	0.0000000015	3077975376.19699	
3745488007.31674	4.500	0.0000000015	2978160158.83521	
3745488007.32361	4.500	0.0000000016	2872646026.17300	
3745488007.32976	4.500	0.0000000015	2963450773.78992	
3745488007.33662	4.500	0.0000000015	3027245206.86176	
3745488007.34256	4.500	0.0000000015	3062266076.89690	
3745488007.34975	4.500	0.0000000015	3075871496.92413	
3745488007.35556	4.500	0.0000000014	3110957483.58106	
3745488007.36155	4.500	0.0000000014	3123915307.18501	
3745488007.36767	4.500	0.0000000014	3144654088.05031	
3745488007.37472	4.500	0.0000000014	3129346314.32545	
3745488007.40558	5.000	0.0000000020	2514458134.27206	
3745488007.48805	5.000	0.0000000020	2506893958.38556	
3745488007.49436	5.000	0.0000000020	2515090543.25956	
3745488007.50201	5.000	0.0000000020	2538715410.00254	
3745488007.50900	5.000	0.0000000020	2547770700.63694	
3745488007.51598	5.000	0.0000000019	2585983966.89941	
3745488007.52196	5.000	0.0000000019	2587991718.42650	
3745488007.52794	5.000	0.0000000019	2585983966.89941	
3745488007.53294	5.000	0.0000000019	2596728122.56557	
3745488007.53991	5.000	0.0000000019	2619172341.54007	
3745488007.54589	5.000	0.0000000019	2645502645.50265	
3745488007.55188	5.000	0.0000000019	2653223666.75511	
3745488007.55787	5.000	0.0000000019	2659574468.08511	
3745488007.56302	5.000	0.0000000019	2658160552.89740	
3745488007.56983	5.000	0.0000000019	2655337227.82793	
3745488007.57498	5.000	0.0000000019	2647603918.45380	
3745488007.58181	5.000	0.0000000019	2663115845.53928	
3745488007.61176	5.500	0.0000000025	2222671246.71651	
3745488007.69595	5.500	0.0000000025	2215062424.48651	
3745488007.70592	5.500	0.0000000025	2205734910.76800	
3745488007.71310	5.500	0.0000000025	2193857199.84045	
3745488007.72091	5.500	0.0000000025	2157285742.30241	
3745488007.72827	5.500	0.0000000026	2132196162.04691	
3745488007.73555	5.500	0.0000000026	2119460500.96339	
3745488007.74247	5.500	0.0000000026	2111324376.19962	
3745488007.74932	5.500	0.0000000027	2075471698.11321	
3745488007.75529	5.500	0.0000000026	2088078967.35004	
3745488007.76112	5.500	0.0000000026	2086890533.10567	
3745488007.76726	5.500	0.0000000026	2082938837.34141	
3745488007.77324	5.500	0.0000000026	2084912812.73692	
3745488007.77923	5.500	0.0000000027	2068835809.66711	
3745488007.78521	5.500	0.0000000027	2067669172.93233	
3745488007.81701	6.000	0.0000000038	1576044129.23562	
3745488007.90083	6.000	0.0000000040	1516108654.45357	
3745488007.91073	6.000	0.0000000038	1569653368.21452	
3745488007.91771	6.000	0.0000000039	1535508637.23608	
3745488007.92573	6.000	0.0000000040	1515151515.15152	
3745488007.93366	6.000	0.0000000040	1502065339.84228	
3745488007.94071	6.000	0.0000000040	1487357461.57660	
3745488007.94770	6.000	0.0000000040	1491424310.21626	
3745488007.95470	6.000	0.0000000040	1504702194.35737	
3745488007.96259	6.000	0.0000000039	1530221882.17291	
3745488007.96970	6.000	0.0000000039	1546790409.89946	
3745488007.97655	6.000	0.0000000039	1547787953.05043	
3745488007.98259	6.000	0.0000000039	1525746980.29243	
3745488007.98973	6.000	0.0000000040	1508485229.41546	
3745488008.02147	6.500	0.0000000054	1205042639.97034	
3745488008.10332	6.500	0.0000000055	1180423136.29347	
3745488008.11046	6.500	0.0000000056	1162582722.23216	
3745488008.11737	6.500	0.0000000055	1176683562.63577	
3745488008.12739	6.500	0.0000000058	1117030417.59753	
3745488008.13449	6.500	0.0000000061	1071193144.36388	
3745488008.14128	6.500	0.0000000061	1070575640.28658	
3745488008.14836	6.500	0.0000000060	1080452127.65957	
3745488008.15539	6.500	0.0000000059	1101135016.09351	
3745488008.16341	6.500	0.0000000059	1104784567.00943	
3745488008.17103	6.500	0.0000000057	1138254093.33684	
3745488008.17901	6.500	0.0000000057	1147902869.75717	
3745488008.18529	6.500	0.0000000057	1143158635.24446	
3745488008.19223	6.500	0.0000000057	1137755995.09890	
3745488008.19895	6.500	0.0000000058	1126321261.47981	
3745488008.22988	7.000	0.0000000086	813527805.21820	
3745488008.31570	7.000	0.0000000085	821018062.39737	
3745488008.33160	7.000	0.0000000088	793785791.23434	
3745488008.33958	7.000	0.0000000086	815280689.49453	
3745488008.34671	7.000	0.0000000083	841346153.84615	
3745488008.35369	7.000	0.0000000082	848947910.98175	
3745488008.36053	7.000	0.0000000081	859845227.85899	
3745488008.36657	7.000	0.0000000081	865961526.56646	
3745488008.37257	7.000	0.0000000082	853450377.95660	
3745488008.37859	7.000	0.0000000087	803720075.77932	
3745488008.38457	7.000	0.0000000083	844441763.67694	
3745488008.39057	7.000	0.0000000086	812253423.06800	
3745488008.39655	7.000	0.0000000085	821789152.38319	
3745488008.40255	7.000	0.0000000084	837470838.06903	
3745488008.40854	7.000	0.0000000083	845155448.23423	
3745488008.43967	7.500	0.0000000104	717703349.28230	
3745488008.50016	7.500	0.0000000111	676284941.38864	
3745488008.51213	7.500	0.0000000105	715307582.26037	
3745488008.52135	7.500	0.0000000107	703564727.95497	
3745488008.52908	7.500	0.0000000118	633445945.94595	
3745488008.53618	7.500	0.0000000111	676284941.38864	
3745488008.54403	7.500	0.0000000116	647948164.14687	
3745488008.54902	7.500	0.0000000114	655307994.75754	
3745488008.55500	7.500	0.0000000117	638297872.34043	
3745488008.56218	7.500	0.0000000119	630252100.84034	
3745488008.56916	7.500	0.0000000118	635055038.10330	
3745488008.57600	7.500	0.0000000119	630517023.95965	
3745488008.58200	7.500	0.0000000120	627352572.14555	
3745488008.58896	7.500	0.0000000123	610252237.59154	
3745488008.59526	7.500	0.0000000121	621632822.21301	
3745488008.60225	7.500	0.0000000122	613999181.33442	
3745488008.60908	7.500	0.0000000126	595474394.60103	
3745488008.61621	7.500	0.0000000127	590318772.13695	
3745488008.64318	8.000	0.0000000184	434664493.34420	
3745488008.70202	8.000	0.0000000177	450958286.35851	
3745488008.71000	8.000	0.0000000188	425531914.89362	
3745488008.71998	8.000	0.0000000192	416992442.01199	
3745488008.72795	8.000	0.0000000194	411311053.98458	
3745488008.73593	8.000	0.0000000191	417863671.97702	
3745488008.74293	8.000	0.0000000314	254412466.21084	
3745488008.75089	8.000	0.0000000265	302228938.42085	
3745488008.75799	8.000	0.0000000213	375586854.46009	
3745488008.76486	8.000	0.0000000199	401304238.77602	
3745488008.77184	8.000	0.0000000199	402515723.27044	
3745488008.77885	8.000	0.0000000190	422163588.39050	
3745488008.78580	8.000	0.0000000185	432666306.11141	
3745488008.79178	8.000	0.0000000208	383877159.30902	
3745488008.79776	8.000	0.0000000192	417209908.73533	
3745488008.80375	8.000	0.0000000186	429299704.85645	
3745488008.80973	8.000	0.0000000178	449059781.08336	
3745488008.81572	8.000	0.0000000181	442355543.26790	
3745488008.82170	8.000	0.0000000181	441744892.32468	
3745488008.84875	8.500	0.0000000241	352697095.43568	
3745488008.90661	8.500	0.0000000248	342258908.79807	
3745488008.91545	8.500	0.0000000246	344967532.46753	
3745488008.92363	8.500	0.0000000250	339660339.66034	
3745488008.93241	8.500	0.0000000265	320150659.13371	
3745488008.94066	8.500	0.0000000250	339864054.37825	
3745488008.94837	8.500	0.0000000264	321604237.60878	
3745488008.95567	8.500	0.0000000272	312557455.41460	
3745488008.96254	8.500	0.0000000277	306970025.27988	
3745488008.96952	8.500	0.0000000343	247849540.74938	
3745488008.97629	8.500	0.0000000332	256139822.20883	
3745488008.98361	8.500	0.0000000314	270356234.09669	
3745488008.99161	8.500	0.0000000315	270098506.51414	
3745488008.99853	8.500	0.0000000300	283711615.48732	
3745488009.00549	8.500	0.0000000299	284328483.02392	
3745488009.01235	8.500	0.0000000337	252113302.68427	
3745488009.01933	8.500	0.0000000327	260058130.64097	
3745488009.02615	8.500	0.0000000313	271695700.81509	
3745488009.05378	9.000	0.0000000448	201094849.73746	
3745488009.11174	9.000	0.0000000463	194552529.18288	
3745488009.11954	9.000	0.0000000449	200333889.81636	
3745488009.12658	9.000	0.0000000453	198609731.87686	
3745488009.13375	9.000	0.0000000487	184975850.37509	
3745488009.14070	9.000	0.0000000493	182704019.48843	
3745488009.14749	9.000	0.0000000479	187852222.91797	
3745488009.15474	9.000	0.0000000479	187754250.54762	
3745488009.16160	9.000	0.0000000496	181433323.25370	
3745488009.16759	9.000	0.0000000491	183355403.89121	
3745488009.17368	9.000	0.0000000503	178802026.42297	
3745488009.18054	9.000	0.0000000504	178695522.68440	
3745488009.18652	9.000	0.0000000524	171608351.60644	
3745488009.19335	9.000	0.0000000517	174064403.82942	
3745488009.20048	9.000	0.0000000525	171444899.51424	
3745488009.20646	9.000	0.0000000513	175404404.59949	
3745488009.21244	9.000	0.0000000510	176453288.89325	
3745488009.21843	9.000	0.0000000492	182796790.90078	
3745488009.22441	9.000	0.0000000489	184199754.40033	
3745488009.23140	9.000	0.0000000490	183710961.42070	
3745488009.25849	9.500	0.0000000598	158836314.99749	
3745488009.31901	9.500	0.0000000614	154609813.65449	
3745488009.33099	9.500	0.0000000641	148194368.61399	
3745488009.34022	9.500	0.0000000660	143917588.24421	
3745488009.34695	9.500	0.0000000665	142771265.40427	
3745488009.35492	9.500	0.0000000670	141727584.66358	
3745488009.36190	9.500	0.0000000673	141179967.30569	
3745488009.36989	9.500	0.0000000690	137611356.55827	
3745488009.37686	9.500	0.0000000683	139163553.79770	
3745488009.38384	9.500	0.0000000693	137114815.61666	
3745488009.39082	9.500	0.0000000675	140751166.75309	
3745488009.39682	9.500	0.0000000678	140097330.77717	
3745488009.40179	9.500	0.0000000693	137134608.44460	
3745488009.40877	9.500	0.0000000691	137442129.62963	
3745488009.41479	9.500	0.0000000719	132210702.10841	
3745488009.42105	9.500	0.0000000722	131633642.78786	
3745488009.42877	9.500	0.0000000745	127456899.44321	
3745488009.43673	9.500	0.0000000760	124991776.85679	
3745488009.46471	10.000	0.0000000920	108731107.96999	
3745488009.52349	10.000	0.0000000916	109164346.92429	
3745488009.53344	10.000	0.0000000938	106570043.16087	
3745488009.54450	10.000	0.0000000948	105446301.47098	
3745488009.55239	10.000	0.0000000972	102843626.26626	
3745488009.55940	10.000	0.0000000976	102417042.19582	
3745488009.56667	10.000	0.0000000967	103385887.82631	
3745488009.57365	10.000	0.0000000970	103108728.15384	
3745488009.58050	10.000	0.0000000977	102348907.42541	
3745488009.58745	10.000	0.0000000984	101677681.74886	
3745488009.59444	10.000	0.0000000987	101296596.43436	
3745488009.60142	10.000	0.0000000986	101409593.34753	
3745488009.60847	10.000	0.0000001001	99925056.20784	
3745488009.61445	10.000	0.0000001006	99359133.58836	
3745488009.62044	10.000	0.0000000996	100411687.92047	
3745488009.62627	10.000	0.0000000995	100527770.79668	
3745488009.63341	10.000	0.0000000997	100341159.94381	
3745488009.63939	10.000	0.0000001030	97120380.71189	
3745488009.64637	10.000	0.0000001023	97761266.98602	
3745488009.68467	10.500	0.0000001309	80183276.05956	
3745488009.73521	10.500	0.0000001376	76335877.86260	
3745488009.74616	10.500	0.0000001379	76114534.25154	
3745488009.75634	10.500	0.0000001349	77835433.65456	
3745488009.76412	10.500	0.0000001386	75730256.04039	
3745488009.77142	10.500	0.0000001401	74919728.86193	
3745488009.77728	10.500	0.0000001408	74547390.84132	
3745488009.78324	10.500	0.0000001496	70210631.89569	
3745488009.78921	10.500	0.0000001450	72388831.43744	
3745488009.79603	10.500	0.0000001451	72338959.69687	
3745488009.80218	10.500	0.0000001432	73298429.31937	
3745488009.80816	10.500	0.0000001440	72916666.66667	
3745488009.81498	10.500	0.0000001438	73043478.26087	
3745488009.82096	10.500	0.0000001447	72563925.36282	
3745488009.82595	10.500	0.0000001421	73917634.63569	
3745488009.83209	10.500	0.0000001459	71967100.75394	
3745488009.83708	10.500	0.0000001491	70446159.00704	
3745488009.84206	10.500	0.0000001456	72115384.61538	
3745488009.84889	10.500	0.0000001446	72614107.88382	
3745488009.85487	10.500	0.0000001453	72289156.62651	
3745488009.85887	10.500	0.0000001437	73068893.52818	
3745488009.86386	10.500	0.0000001467	71550255.53663	
3745488009.88685	11.000	0.0000001637	67196090.40929	
3745488009.93569	11.000	0.0000001664	66105769.23077	
3745488009.94364	11.000	0.0000001654	66525551.85969	
3745488009.95068	11.000	0.0000001603	68621334.99688	
3745488009.95860	11.000	0.0000001581	69576217.58381	
3745488009.96658	11.000	0.0000001627	67609096.49662	
3745488009.97367	11.000	0.0000001657	66385033.19252	
3745488009.98168	11.000	0.0000001622	67796610.16949	
3745488009.98952	11.000	0.0000001620	67880283.86301	
3745488009.99664	11.000	0.0000001602	68642745.70983	
3745488010.00447	11.000	0.0000001637	67216620.83715	
3745488010.01171	11.000	0.0000001616	68048252.39715	
3745488010.01947	11.000	0.0000001646	66828675.57716	
3745488010.02643	11.000	0.0000001689	65127294.25696	
3745488010.03252	11.000	0.0000001696	64858490.56604	
3745488010.03850	11.000	0.0000001670	65868263.47305	
3745488010.04448	11.000	0.0000001711	64271107.21589	
3745488010.05047	11.000	0.0000001704	64553990.61033	
3745488010.05645	11.000	0.0000001696	64839375.18420	
3745488010.06243	11.000	0.0000001685	65281899.10979	
3745488010.06842	11.000	0.0000001724	63805104.40835	
3745488010.09128	11.500	0.0000002017	57001239.15737	
3745488010.14032	11.500	0.0000002014	57100297.91460	
3745488010.14726	11.500	0.0000002020	56930693.06931	
3745488010.15325	11.500	0.0000002049	56111246.64552	
3745488010.15906	11.500	0.0000002049	56138638.02783	
3745488010.16522	11.500	0.0000002105	54631828.97862	
3745488010.17120	11.500	0.0000002067	55636187.71166	
3745488010.17716	11.500	0.0000002050	56083881.98000	
3745488010.18316	11.500	0.0000002035	56524944.70386	
3745488010.18798	11.500	0.0000002006	57328015.95214	
3745488010.19396	11.500	0.0000002000	57500000.00000	
3745488010.20011	11.500	0.0000001992	57716436.63739	
3745488010.20593	11.500	0.0000001999	57543157.36803	
3745488010.21095	11.500	0.0000002031	56622353.52043	
3745488010.21591	11.500	0.0000002023	56846267.91893	
3745488010.22189	11.500	0.0000002031	56608417.42555	
3745488010.22787	11.500	0.0000002009	57242409.15879	
3745488010.23386	11.500	0.0000002010	57213930.34826	
3745488010.23884	11.500	0.0000002028	56706114.39842	
3745488010.24483	11.500	0.0000002030	56664203.00567	
3745488010.24882	11.500	0.0000002055	55974689.70552	
3745488010.25480	11.500	0.0000002041	56344928.95639	
3745488010.25880	11.500	0.0000002041	56344928.95639	
3745488010.26478	11.500	0.0000002016	57043650.79365	
3745488010.26976	11.500	0.0000001992	57716436.63739	
3745488010.27475	11.500	0.0000001992	57745418.02661	
3745488010.29774	12.000	0.0000002265	52980132.45033	
3745488010.34668	12.000	0.0000002257	53156146.17940	
3745488010.35454	12.000	0.0000002278	52666227.78144	
3745488010.36169	12.000	0.0000002309	51981806.36777	
3745488010.36863	12.000	0.0000002292	52344601.96292	
3745488010.37648	12.000	0.0000002285	52516411.37856	
3745488010.38446	12.000	0.0000002291	52378873.85421	
3745488010.39071	12.000	0.0000002319	51757601.89778	
3745488010.39772	12.000	0.0000002331	51469011.36607	
3745488010.40478	12.000	0.0000002334	51413881.74807	
3745488010.41039	12.000	0.0000002326	51590713.67154	
3745488010.41772	12.000	0.0000002316	51824659.90067	
3745488010.42471	12.000	0.0000002338	51336898.39572	
3745488010.43062	12.000	0.0000002353	50998725.03187	
3745488010.43762	12.000	0.0000002346	51150895.14066	
3745488010.44457	12.000	0.0000002373	50579557.42887	
3745488010.45059	12.000	0.0000002313	51880674.44877	
3745488010.45659	12.000	0.0000002293	52321778.94048	
3745488010.46242	12.000	0.0000002288	52459016.39344	
3745488010.46742	12.000	0.0000002292	52356020.94241	
3745488010.47438	12.000	0.0000002360	50847457.62712	
3745488010.48051	12.000	0.0000002350	51063829.78723	
3745488010.50449	12.500	0.0000002674	46755189.82607	
3745488010.55301	12.500	0.0000002660	46992481.20301	
3745488010.55899	12.500	0.0000002659	47018995.67425	
3745488010.56506	12.500	0.0000002650	47178712.96471	
3745488010.57196	12.500	0.0000002632	47483380.81671	
3745488010.57794	12.500	0.0000002631	47519482.98803	
3745488010.58295	12.500	0.0000002656	47063253.01205	
3745488010.58991	12.500	0.0000002686	46537602.38273	
3745488010.59689	12.500	0.0000002663	46939541.87007	
3745488010.60387	12.500	0.0000002663	46939541.87007	
3745488010.61085	12.500	0.0000002666	46895516.78860	
3745488010.61719	12.500	0.0000002665	46913116.90749	
3745488010.62481	12.500	0.0000002660	47001316.03685	
3745488010.63080	12.500	0.0000002644	47285795.34708	
3745488010.63678	12.500	0.0000002652	47134238.31071	
3745488010.64177	12.500	0.0000002660	46983649.68991	
3745488010.64692	12.500	0.0000002698	46322030.75783	
3745488010.65274	12.500	0.0000002654	47089847.42889	
3745488010.65772	12.500	0.0000002646	47241118.66969	
3745488010.66271	12.500	0.0000002647	47223271.62826	
3745488010.66771	12.500	0.0000002639	47375402.69092	
3745488010.67269	12.500	0.0000002640	47348484.84848	
3745488010.67867	12.500	0.0000002627	47573739.29591	
3745488010.68466	12.500	0.0000002621	47691720.71728	
3745488010.68964	12.500	0.0000002645	47267914.53961	
3745488010.71274	13.000	0.0000002914	44619873.00498	
3745488010.76169	13.000	0.0000002918	44551062.37149	
3745488010.76946	13.000	0.0000002925	44452043.08429	
3745488010.77768	13.000	0.0000002949	44082739.91183	
3745488010.78539	13.000	0.0000002943	44172612.97995	
3745488010.79237	13.000	0.0000002983	43587594.30008	
3745488010.79956	13.000	0.0000003023	43003638.76943	
3745488010.80761	13.000	0.0000003024	42989417.98942	
3745488010.81458	13.000	0.0000002998	43369474.56214	
3745488010.82059	13.000	0.0000002995	43405676.12688	
3745488010.82755	13.000	0.0000002996	43398430.97980	
3745488010.83362	13.000	0.0000002972	43741588.15612	
3745488010.84053	13.000	0.0000002977	43668122.27074	
3745488010.84654	13.000	0.0000002998	43362241.49433	
3745488010.85251	13.000	0.0000002994	43412923.69344	
3745488010.85853	13.000	0.0000002969	43793161.52939	
3745488010.86647	13.000	0.0000002975	43704824.34023	
3745488010.87234	13.000	0.0000002939	44240258.63536	
3745488010.87847	13.000	0.0000002941	44202652.15913	
3745488010.88448	13.000	0.0000002942	44180118.94647	
3745488010.89012	13.000	0.0000002953	44030482.64183	
3745488010.89742	13.000	0.0000002942	44195138.53476	
3745488010.92137	13.500	0.0000003158	42748575.04750	
3745488010.96989	13.500	0.0000003174	42533081.28544	
3745488010.97713	13.500	0.0000003175	42519685.03937	
3745488010.98386	13.500	0.0000003189	42333019.75541	
3745488010.99186	13.500	0.0000003175	42519685.03937	
3745488010.99884	13.500	0.0000003158	42748575.04750	
3745488011.00581	13.500	0.0000003146	42911633.82072	
3745488011.01377	13.500	0.0000003141	42979942.69341	
3745488011.02076	13.500	0.0000003131	43124101.58122	
3745488011.02674	13.500	0.0000003139	43007327.17426	
3745488011.03272	13.500	0.0000003128	43151670.12946	
3745488011.03871	13.500	0.0000003122	43241511.85138	
3745488011.04469	13.500	0.0000003118	43290043.29004	
3745488011.05068	13.500	0.0000003117	43317824.48259	
3745488011.05666	13.500	0.0000003108	43443282.38134	
3745488011.06265	13.500	0.0000003095	43625787.68783	
3745488011.06864	13.500	0.0000003065	44045676.99837	
3745488011.07461	13.500	0.0000003055	44189852.70049	
3745488011.07960	13.500	0.0000003043	44356826.02267	
3745488011.08462	13.500	0.0000003091	43668122.27074	
3745488011.09062	13.500	0.0000003073	43938161.10659	
3745488011.09659	13.500	0.0000003090	43696391.00178	
3745488011.10257	13.500	0.0000003618	37313432.83582	
3745488011.12575	14.000	0.0000003627	38599393.43810	
3745488011.17460	14.000	0.0000003792	36919831.22363	
3745488011.18235	14.000	0.0000003869	36185060.73921	
3745488011.18957	14.000	0.0000003878	36101083.03249	
3745488011.19754	14.000	0.0000003895	35938903.86343	
3745488011.20550	14.000	0.0000004023	34799900.57171	
3745488011.21328	14.000	0.0000004029	34743764.73508	
3745488011.21955	14.000	0.0000003962	35335689.04594	
3745488011.22720	14.000	0.0000004056	34516765.28600	
3745488011.23233	14.000	0.0000003729	37543577.36659	
3745488011.23835	14.000	0.0000004220	33171425.18659	
3745488011.24419	14.000	0.0000004126	33931168.20165	
3745488011.25031	14.000	0.0000004038	34670629.02427	
3745488011.25629	14.000	0.0000003941	35523978.68561	
3745488011.26226	14.000	0.0000003624	38631346.57837	
3745488011.26825	14.000	0.0000003653	38324664.65918	
3745488011.27308	14.000	0.0000004004	34969401.77345	
3745488011.27922	14.000	0.0000003799	36851803.10608	
3745488011.28405	14.000	0.0000003855	36316472.11414	
3745488011.29021	14.000	0.0000003724	37588938.11250	
3745488011.29618	14.000	0.0000004028	34756703.07845	
3745488011.30216	14.000	0.0000003788	36958817.31785	
3745488011.30700	14.000	0.0000003834	36515388.62806	
3745488011.33092	14.500	0.0000005754	25199860.96628	
3745488011.37983	14.500	0.0000003370	43033090.96305	
3745488011.38686	14.500	0.0000003310	43806646.52568	
3745488011.39276	14.500	0.0000003689	39311373.18693	
3745488011.39976	14.500	0.0000003266	44390019.89897	
3745488011.40573	14.500	0.0000003235	44829185.34549	
3745488011.41271	14.500	0.0000003209	45192457.53467	
3745488011.41770	14.500	0.0000003270	44342507.64526	
3745488011.42569	14.500	0.0000003196	45369211.51439	
3745488011.43268	14.500	0.0000003207	45213595.26037	
3745488011.44063	14.500	0.0000003224	44982162.24601	
3745488011.44675	14.500	0.0000003166	45806349.70779	
3745488011.45470	14.500	0.0000003166	45799115.60328	
3745488011.46158	14.500	0.0000003151	46017137.41669	
3745488011.46758	14.500	0.0000003147	46068308.18110	
3745488011.47359	14.500	0.0000003199	45326664.58268	
3745488011.47955	14.500	0.0000003163	45842554.53683	
3745488011.48555	14.500	0.0000003511	41298775.27770	
3745488011.49155	14.500	0.0000003465	41847041.84704	
3745488011.49855	14.500	0.0000003173	45698077.52915	
3745488011.50455	14.500	0.0000003672	39493395.07013	
3745488011.51145	14.500	0.0000003111	46601317.69243	
3745488011.53570	15.000	0.0000003350	44782803.40349	
3745488011.58325	15.000	0.0000003379	44385264.09232	
3745488011.58946	15.000	0.0000003273	45822514.12861	
3745488011.59525	15.000	0.0000003307	45365189.77771	
3745488011.60120	15.000	0.0000003281	45710802.98644	
3745488011.60718	15.000	0.0000003334	44997750.11249	
3745488011.61252	15.000	0.0000003335	44977511.24438	
3745488011.61850	15.000	0.0000003246	46210720.88725	
3745488011.62415	15.000	0.0000003258	46040515.65378	
3745488011.63032	15.000	0.0000003248	46182266.00985	
3745488011.63629	15.000	0.0000003237	46346361.81060	
3745488011.64221	15.000	0.0000003230	46446818.39294	
3745488011.64824	15.000	0.0000003217	46627292.50855	
3745488011.65422	15.000	0.0000003223	46547711.40419	
3745488011.65905	15.000	0.0000003221	46569388.38870	
3745488011.66519	15.000	0.0000003236	46360686.13815	
3745488011.67002	15.000	0.0000003272	45843520.78240	
3745488011.67604	15.000	0.0000003239	46303441.88918	
3745488011.68298	15.000	0.0000003202	46845721.42411	
3745488011.68813	15.000	0.0000003204	46816479.40075	
3745488011.69412	15.000	0.0000003215	46663555.76295	
3745488011.70010	15.000	0.0000003167	47363435.42785	
3745488011.70692	15.000	0.0000003153	47581284.69469	
3745488011.71290	15.000	0.0000003149	47626607.39800	
3745488011.71690	15.000	0.0000003144	47717512.32702	
3745488011.74881	15.500	0.0000003293	47076689.44571	
3745488011.79771	15.500	0.0000003292	47083839.61118	
3745488011.80565	15.500	0.0000003250	47692307.69231	
3745488011.81367	15.500	0.0000003323	46644598.25459	
3745488011.82161	15.500	0.0000003273	47357164.68072	
3745488011.82966	15.500	0.0000003352	46234153.61670	
3745488011.83665	15.500	0.0000003383	45817321.90364	
3745488011.84472	15.500	0.0000003248	47721674.87685	
3745488011.85178	15.500	0.0000003242	47817368.50224	
3745488011.85872	15.500	0.0000003304	46905734.60433	
3745488011.86579	15.500	0.0000003292	47083839.61118	
3745488011.87273	15.500	0.0000003235	47913446.67697	
3745488011.87874	15.500	0.0000003224	48069468.13459	
3745488011.88579	15.500	0.0000003228	48024786.98683	
3745488011.89242	15.500	0.0000003203	48384579.36632	
3745488011.89770	15.500	0.0000003209	48301651.60486	
3745488011.90371	15.500	0.0000003207	48339310.77499	
3745488011.90938	15.500	0.0000003190	48589341.69279	
3745488011.91573	15.500	0.0000003810	40682414.69816	
3745488011.92170	15.500	0.0000003220	48136645.96273	
3745488011.92868	15.500	0.0000003156	49105021.38444	
3745488011.93631	15.500	0.0000003154	49136154.69964	
3745488011.95928	16.000	0.0000003309	48345671.55159	
3745488012.00838	16.000	0.0000003303	48440811.38359	
3745488012.01613	16.000	0.0000003294	48573163.32726	
3745488012.02507	16.000	0.0000003287	48676604.80681	
3745488012.03207	16.000	0.0000003361	47604879.50015	
3745488012.04003	16.000	0.0000003416	46838407.49415	
3745488012.04702	16.000	0.0000003513	45545118.13265	
3745488012.05499	16.000	0.0000003611	44315191.80169	
3745488012.06228	16.000	0.0000003548	45089474.42581	
3745488012.06995	16.000	0.0000003561	44931199.10138	
3745488012.07597	16.000	0.0000003919	40831951.00166	
3745488012.08191	16.000	0.0000003749	42678047.47933	
3745488012.08990	16.000	0.0000003815	41939711.66448	
3745488012.09588	16.000	0.0000004227	37847427.55766	
3745488012.10386	16.000	0.0000004358	36714089.03167	
3745488012.10885	16.000	0.0000003566	44868199.66349	
3745488012.11583	16.000	0.0000003723	42976094.54741	
3745488012.12181	16.000	0.0000003734	42843754.18396	
3745488012.12779	16.000	0.0000003616	44247787.61062	
3745488012.13378	16.000	0.0000003768	42457211.09195	
3745488012.13977	16.000	0.0000003808	42022324.35982	
3745488012.14577	16.000	0.0000003689	43378066.96489	
3745488012.16874	16.500	0.0000004118	40067994.17193	
3745488012.21766	16.500	0.0000004042	40816326.53061	
3745488012.22553	16.500	0.0000003957	41703525.84355	
3745488012.23266	16.500	0.0000004015	41095890.41096	
3745488012.24050	16.500	0.0000004011	41142002.24411	
3745488012.24662	16.500	0.0000004037	40871934.60490	
3745488012.25376	16.500	0.0000003896	42345694.85436	
3745488012.25944	16.500	0.0000004224	39057876.67180	
3745488012.26673	16.500	0.0000004265	38686987.10434	
3745488012.27273	16.500	0.0000004105	40199780.72847	
3745488012.27971	16.500	0.0000004285	38506417.73629	
3745488012.28773	16.500	0.0000004649	35491503.54915	
3745488012.29454	16.500	0.0000004518	36520584.32935	
3745488012.30063	16.500	0.0000004285	38506417.73629	
3745488012.30669	16.500	0.0000004422	37309214.24534	
3745488012.31361	16.500	0.0000004632	35621761.65803	
3745488012.32064	16.500	0.0000004374	37718596.41102	
3745488012.32728	16.500	0.0000005450	30275229.35780	
3745488012.33341	16.500	0.0000004993	33049574.36154	
3745488012.33962	16.500	0.0000004838	34108527.13178	
3745488012.34650	16.500	0.0000004996	33023116.18133	
3745488012.35250	16.500	0.0000005673	29082576.89257	
3745488012.37613	17.000	0.0000005244	32418001.52555	
3745488012.42400	17.000	0.0000005596	30378842.03002	
3745488012.43001	17.000	0.0000005463	31115585.24755	
3745488012.43600	17.000	0.0000005562	30561797.75281	
3745488012.44694	17.000	0.0000006235	27265437.04892	
3745488012.45591	17.000	0.0000008161	20832056.85926	
3745488012.47687	17.000	0.0000004307	39475211.88900	
3745488012.52473	17.000	0.0000003815	44560943.64351	
3745488012.53071	17.000	0.0000003994	42563845.76865	
3745488012.53570	17.000	0.0000006997	24297863.21732	
3745488012.54269	17.000	0.0000003308	51390568.31923	
3745488012.60950	17.000	0.0000003341	50882969.17091	
3745488012.63145	17.500	0.0000003865	45272280.42944	
3745488012.67932	17.500	0.0000003648	47964917.08921	
3745488012.68432	17.500	0.0000003590	48746518.10585	
3745488012.68929	17.500	0.0000003598	48638132.29572	
3745488012.69528	17.500	0.0000003609	48496605.23763	
3745488012.70026	17.500	0.0000004034	43375883.00905	
3745488012.70624	17.500	0.0000004185	41811014.21574	
3745488012.71223	17.500	0.0000003966	44119500.81936	
3745488012.71722	17.500	0.0000003858	45354412.33640	
3745488012.72320	17.500	0.0000003858	45360290.30586	
3745488012.72918	17.500	0.0000004301	40692942.68108	
3745488012.73517	17.500	0.0000003922	44620091.78990	
3745488012.74018	17.500	0.0000003830	45691906.00522	
3745488012.74614	17.500	0.0000003953	44270174.55097	
3745488012.75113	17.500	0.0000003927	44568954.53967	
3745488012.75711	17.500	0.0000004374	40009144.94742	
3745488012.76210	17.500	0.0000004769	36695323.96729	
3745488012.76808	17.500	0.0000004808	36401456.05824	
3745488012.77307	17.500	0.0000004265	41036463.82929	
3745488012.77906	17.500	0.0000004406	39723073.43094	
3745488012.78404	17.500	0.0000004864	35978618.42105	
3745488012.79002	17.500	0.0000004791	36526821.12294	
3745488012.79501	17.500	0.0000005429	32234297.29232	
3745488012.80099	17.500	0.0000006065	28856459.72463	
3745488012.80598	17.500	0.0000004562	38360368.25954	
3745488012.81197	17.500	0.0000003924	44597349.64322	
3745488012.81695	17.500	0.0000004669	37477245.95781	
3745488012.83989	18.000	0.0000004986	36097463.15051	
3745488012.88976	18.000	0.0000004766	37767519.93286	
3745488012.90073	18.000	0.0000004758	37831021.43758	
3745488012.90871	18.000	0.0000004062	44313146.23338	
3745488012.91471	18.000	0.0000006809	26437541.30866	
3745488012.92171	18.000	0.0000004688	38395904.43686	
3745488012.92868	18.000	0.0000004955	36323277.16678	
3745488012.93566	18.000	0.0000004462	40345175.38944	
3745488012.94262	18.000	0.0000004377	41128755.85514	
3745488012.94863	18.000	0.0000005102	35280282.24226	
3745488012.95358	18.000	0.0000005069	35509962.51726	
3745488012.96057	18.000	0.0000005968	30163385.00209	
3745488012.96662	18.000	0.0000005185	34712178.18918	
3745488012.97362	18.000	0.0000004182	43046753.55734	
3745488012.98059	18.000	0.0000004686	38412291.93342	
3745488012.98560	18.000	0.0000003999	45016881.33050	
3745488012.99060	18.000	0.0000004520	39827414.53701	
3745488012.99660	18.000	0.0000003758	47897817.98829	
3745488013.00260	18.000	0.0000003893	46236835.34549	
3745488013.00861	18.000	0.0000003545	50775740.47955	
3745488013.01460	18.000	0.0000003455	52098408.10420	
3745488013.02058	18.000	0.0000003579	50293378.03856	
3745488013.02646	18.000	0.0000003631	49579947.66561	
3745488013.04966	18.500	0.0000009175	20163487.73842	
3745488013.08802	18.500	0.0000004224	43792164.75323	
3745488013.10498	18.500	0.0000006248	29609475.03201	
3745488013.12393	18.500	0.0000005006	36955653.21614	
3745488013.13092	18.500	0.0000005465	33851784.08051	
3745488013.13790	18.500	0.0000006352	29122392.75876	
3745488013.14488	18.500	0.0000006177	29949813.82548	
3745488013.20873	18.500	0.0000004972	37204625.43992	
3745488013.21668	18.500	0.0000005838	31688934.56663	
3745488013.22469	18.500	0.0000005714	32376618.83094	
3745488013.23264	18.500	0.0000005600	33035714.28571	
3745488013.25666	19.000	0.0000005727	33179079.71710	
3745488013.30564	19.000	0.0000005889	32260803.12420	
3745488013.31365	19.000	0.0000005490	34605227.21064	
3745488013.32159	19.000	0.0000005923	32081046.85521	
3745488013.32938	19.000	0.0000006375	29806259.31446	
3745488013.33761	19.000	0.0000008272	22967663.94681	
3745488013.34534	19.000	0.0000009058	20974775.07314	
3745488013.37157	19.000	0.0000004049	46925166.70783	
3745488013.42016	19.000	0.0000004093	46420718.29954	
3745488013.42811	19.000	0.0000005562	34160373.96620	
3745488013.43534	19.000	0.0000004605	41255021.17034	
3745488013.44307	19.000	0.0000004701	40421231.78385	
3745488013.46804	19.500	0.0000006474	30122808.37260	
3745488013.51688	19.500	0.0000005058	38548976.96946	
3745488013.52406	19.500	0.0000005305	36761240.45622	
3745488013.53087	19.500	0.0000005214	37399309.55121	
3745488013.53983	19.500	0.0000005268	37015945.33030	
3745488013.54781	19.500	0.0000005288	36875945.53707	
3745488013.55507	19.500	0.0000007124	27374184.03874	
3745488013.56176	19.500	0.0000005642	34562211.98157	
3745488013.56976	19.500	0.0000006526	29880478.08765	
3745488013.57572	19.500	0.0000005253	37121644.77441	
3745488013.58275	19.500	0.0000006282	31041069.72302	
3745488013.58872	19.500	0.0000005902	33036848.79288	
3745488013.59566	19.500	0.0000007874	24763477.04616	
3745488013.60165	19.500	0.0000006478	30099560.08335	
3745488013.60763	19.500	0.0000005562	35059331.17584	
3745488013.61361	19.500	0.0000006056	32196813.34104	
3745488013.61960	19.500	0.0000005136	37970986.27203	
3745488013.62558	19.500	0.0000007691	25354310.23274	
3745488013.63160	19.500	0.0000006191	31499878.84662	
3745488013.63760	19.500	0.0000006645	29347580.70585	
3745488013.64357	19.500	0.0000007525	25911899.54156	
3745488013.64960	19.500	0.0000009659	20189470.41466	
3745488013.67274	20.000	0.0000004613	43351035.00596	
3745488013.72136	20.000	0.0000005199	38468936.33391	
3745488013.72848	20.000	0.0000007100	28167030.49081	
3745488013.73654	20.000	0.0000005692	35133948.17743	
3745488013.74426	20.000	0.0000004997	40024014.40865	
3745488013.75248	20.000	0.0000006856	29169401.29804	
3745488013.76022	20.000	0.0000006104	32765399.73788	
3745488013.76653	20.000	0.0000006041	33104361.49963	
3745488013.77237	20.000	0.0000004263	46915317.85128	
3745488013.77852	20.000	0.0000004589	43587228.94192	
3745488013.78454	20.000	0.0000004407	45387495.74492	
3745488013.79031	20.000	0.0000003996	50056313.35252	
3745488013.79641	20.000	0.0000004037	49535603.71517	
3745488013.80211	20.000	0.0000004276	46772684.75210	
3745488013.80825	20.000	0.0000004383	45630846.45220	
3745488013.81409	20.000	0.0000003814	52438384.89775	
3745488013.82022	20.000	0.0000003850	51948051.94805	
3745488013.82605	20.000	0.0000003973	50339793.60685	
3745488013.83219	20.000	0.0000004004	49956288.24778	
3745488013.83901	20.000	0.0000004450	44948870.65962	
3745488013.84416	20.000	0.0000004457	44878267.69887	
3745488013.85098	20.000	0.0000004842	41305245.76621	
3745488013.85597	20.000	0.0000005123	39043435.82235	
