3745488400.06255	-20.000	-0.0000003159	63311174.42229	
3745488400.11671	-20.000	-0.0000002743	72926162.26071	
3745488400.12767	-20.000	-0.0000002662	75131480.09016	
3745488400.13564	-20.000	-0.0000002886	69300069.30007	
3745488400.14166	-20.000	-0.0000004168	47978889.28871	
3745488400.14661	-20.000	-0.0000003143	63633471.20585	
3745488400.17058	-19.500	-0.0000002488	78376205.78778	
3745488400.21865	-19.500	-0.0000002260	86264100.86264	
3745488400.22464	-19.500	-0.0000002470	78947368.42105	
3745488400.23039	-19.500	-0.0000002206	88395285.58477	
3745488400.23748	-19.500	-0.0000003075	63414634.14634	
3745488400.24336	-19.500	-0.0000003764	51806588.73539	
3745488400.25034	-19.500	-0.0000002267	85997794.92834	
3745488400.25648	-19.500	-0.0000002270	85903083.70044	
3745488400.28026	-19.000	-0.0000002334	81387877.48983	
3745488400.32913	-19.000	-0.0000002477	76705692.36980	
3745488400.33641	-19.000	-0.0000002385	79647872.56340	
3745488400.34237	-19.000	-0.0000002472	76860841.42395	
3745488400.34934	-19.000	-0.0000002150	88372093.02326	
3745488400.35634	-19.000	-0.0000002052	92570036.54080	
3745488400.36213	-19.000	-0.0000002263	83959346.00088	
3745488400.38526	-18.500	-0.0000005031	36772013.51620	
3745488400.43385	-18.500	-0.0000004836	38254755.99669	
3745488400.44011	-18.500	-0.0000002791	66296362.65902	
3745488400.51142	-18.500	-0.0000002988	61914323.96252	
3745488400.53923	-18.000	-0.0000002829	63637970.65582	
3745488400.58713	-18.000	-0.0000002454	73364581.21052	
3745488400.59209	-18.000	-0.0000002792	64481461.57980	
3745488400.59807	-18.000	-0.0000001846	97508125.67714	
3745488400.60308	-18.000	-0.0000001950	92284029.73597	
3745488400.60805	-18.000	-0.0000002208	81521739.13043	
3745488400.61303	-18.000	-0.0000002564	70189120.68629	
3745488400.61802	-18.000	-0.0000001939	92855300.49007	
3745488400.62304	-18.000	-0.0000002182	82512033.00481	
3745488400.64626	-17.500	-0.0000003906	44808603.25182	
3745488400.69581	-17.500	-0.0000002940	59523809.52381	
3745488400.70281	-17.500	-0.0000001715	102011075.48820	
3745488400.70977	-17.500	-0.0000002794	62634216.17752	
3745488400.71490	-17.500	-0.0000002039	85826385.48308	
3745488400.72174	-17.500	-0.0000001469	119128658.95167	
3745488400.72688	-17.500	-0.0000001677	104353011.32976	
3745488400.73271	-17.500	-0.0000001630	107394906.41301	
3745488400.75666	-17.000	-0.0000001464	116120218.57923	
3745488400.80552	-17.000	-0.0000002257	75337912.69665	
3745488400.81250	-17.000	-0.0000001663	102224894.76849	
3745488400.81948	-17.000	-0.0000002198	77343039.12648	
3745488400.82546	-17.000	-0.0000001728	98379629.62963	
3745488400.83145	-17.000	-0.0000001344	126488095.23810	
3745488400.83843	-17.000	-0.0000001678	101311084.62455	
3745488400.86146	-16.500	-0.0000001260	130952380.95238	
3745488400.90924	-16.500	-0.0000001297	127216653.81650	
3745488400.91424	-16.500	-0.0000001309	126050420.16807	
3745488400.91922	-16.500	-0.0000001567	105263157.89474	
3745488400.92422	-16.500	-0.0000001629	101320233.34357	
3745488400.93021	-16.500	-0.0000003334	49497525.12374	
3745488400.93636	-16.500	-0.0000001383	119349005.42495	
3745488400.94235	-16.500	-0.0000001598	103286384.97653	
3745488400.96628	-16.000	-0.0000001201	133222314.73772	
3745488401.01532	-16.000	-0.0000001382	115816141.87477	
3745488401.02124	-16.000	-0.0000002149	74453234.06235	
3745488401.02725	-16.000	-0.0000001838	87051142.54625	
3745488401.03324	-16.000	-0.0000001500	106666666.66667	
3745488401.03919	-16.000	-0.0000002080	76904590.24273	
3745488401.04513	-16.000	-0.0000001456	109927859.84198	
3745488401.05113	-16.000	-0.0000001138	140597539.54306	
3745488401.07483	-15.500	-0.0000000969	159958720.33024	
3745488401.12368	-15.500	-0.0000000985	157304511.08743	
3745488401.15259	-15.500	-0.0000001093	141876430.20595	
3745488401.16555	-15.500	-0.0000001586	97730138.71375	
3745488401.18952	-15.000	-0.0000001062	141242937.85311	
3745488401.23836	-15.000	-0.0000001838	81588251.29181	
3745488401.24435	-15.000	-0.0000002506	59844404.54817	
3745488401.25033	-15.000	-0.0000000942	159235668.78981	
3745488401.25651	-15.000	-0.0000000822	182448458.31053	
3745488401.27350	-15.000	-0.0000000820	182826497.65373	
3745488401.30150	-14.500	-0.0000000822	176291793.31307	
3745488401.38598	-14.500	-0.0000000711	204067271.83168	
3745488401.42520	-14.000	-0.0000000641	218528057.44166	
3745488401.48297	-14.000	-0.0000000672	208488458.67461	
3745488401.49070	-14.000	-0.0000000637	219866509.61916	
3745488401.49768	-14.000	-0.0000000633	221011918.85705	
3745488401.50465	-14.000	-0.0000000643	217763260.22710	
3745488401.53259	-13.500	-0.0000000625	215844591.89384	
3745488401.58842	-13.500	-0.0000000617	218942588.38793	
3745488401.60039	-13.500	-0.0000000618	218322956.25455	
3745488401.60737	-13.500	-0.0000000640	210921021.79517	
3745488401.61236	-13.500	-0.0000000598	225884715.13428	
3745488401.64028	-13.000	-0.0000000506	256967780.19371	
3745488401.69713	-13.000	-0.0000000509	255603617.77428	
3745488401.70312	-13.000	-0.0000000506	256993179.79638	
3745488401.70910	-13.000	-0.0000000485	268068873.07970	
3745488401.71508	-13.000	-0.0000000488	266666666.66667	
3745488401.72107	-13.000	-0.0000000488	266311584.55393	
3745488401.74800	-12.500	-0.0000000453	275816416.59312	
3745488401.80484	-12.500	-0.0000000494	253190196.47559	
3745488401.81083	-12.500	-0.0000000512	244045294.80672	
3745488401.81681	-12.500	-0.0000000502	249177713.54530	
3745488401.82280	-12.500	-0.0000000496	252066948.98165	
3745488401.82878	-12.500	-0.0000000846	147832771.56880	
3745488401.87267	-12.000	-0.0000000365	329127811.30005	
3745488401.93051	-12.000	-0.0000000363	330897559.63050	
3745488401.93650	-12.000	-0.0000000360	333194502.29071	
3745488401.96442	-11.500	-0.0000000326	352814848.90321	
3745488402.02326	-11.500	-0.0000000320	359768496.79337	
3745488402.03224	-11.500	-0.0000000316	364154528.18239	
3745488402.03922	-11.500	-0.0000000317	362547288.77680	
3745488402.04620	-11.500	-0.0000000314	366183728.70562	
3745488402.07313	-11.000	-0.0000000269	408314773.57090	
3745488402.12998	-11.000	-0.0000000270	407482867.19763	
3745488402.13596	-11.000	-0.0000000269	409150083.68979	
3745488402.14194	-11.000	-0.0000000268	410447761.19403	
3745488402.14793	-11.000	-0.0000000267	411599625.81852	
3745488402.15391	-11.000	-0.0000000267	411368735.97607	
3745488402.18084	-10.500	-0.0000000227	461842973.38905	
3745488402.23769	-10.500	-0.0000000227	463371579.87643	
3745488402.24367	-10.500	-0.0000000227	463065049.61411	
3745488402.24965	-10.500	-0.0000000225	466562986.00311	
3745488402.25564	-10.500	-0.0000000224	468018720.74883	
3745488402.26162	-10.500	-0.0000000225	466977985.32355	
3745488402.28855	-10.000	-0.0000000190	526038926.88059	
3745488402.34839	-10.000	-0.0000000189	529240539.82535	
3745488402.35837	-10.000	-0.0000000188	531349628.05526	
3745488402.36834	-10.000	-0.0000000188	531914893.61702	
3745488402.39626	-9.500	-0.0000000159	598802395.20958	
3745488402.45438	-9.500	-0.0000000158	600126342.38787	
3745488402.46138	-9.500	-0.0000000157	603941513.03242	
3745488402.46823	-9.500	-0.0000000158	602218700.47544	
3745488402.47421	-9.500	-0.0000000157	605867346.93878	
3745488402.50100	-9.000	-0.0000000132	682852807.28376	
3745488402.55803	-9.000	-0.0000000131	686760778.32888	
3745488402.56593	-9.000	-0.0000000132	684150513.11288	
3745488402.57281	-9.000	-0.0000000130	690448791.71461	
3745488402.58078	-9.000	-0.0000000130	694176629.38681	
3745488402.60771	-8.500	-0.0000000108	785945446.13962	
3745488402.66686	-8.500	-0.0000000107	793280447.97014	
3745488402.67385	-8.500	-0.0000000106	800000000.00000	
3745488402.68382	-8.500	-0.0000000105	807217473.88414	
3745488402.69083	-8.500	-0.0000000105	809523809.52381	
3745488402.71972	-8.000	-0.0000000084	957510472.77080	
3745488402.80150	-8.000	-0.0000000084	956194346.50093	
3745488402.83251	-7.500	-0.0000000066	1138606345.83270	
3745488402.91821	-7.500	-0.0000000066	1137742718.44660	
3745488402.95313	-7.000	-0.0000000051	1361205639.28051	
3745488403.03610	-7.000	-0.0000000051	1369461019.27027	
3745488403.06979	-6.500	-0.0000000039	1666880369.27811	
3745488403.15359	-6.500	-0.0000000039	1676986584.10733	
3745488403.18647	-6.000	-0.0000000029	2062919030.42806	
3745488403.27037	-6.000	-0.0000000029	2077202700.36351	
3745488403.30643	-5.500	-0.0000000021	2595563945.25720	
3745488403.39093	-5.500	-0.0000000021	2607871028.92366	
3745488403.42683	-5.000	-0.0000000015	3325573661.45660	
3745488403.51061	-5.000	-0.0000000015	3344481605.35117	
3745488403.54554	-4.500	-0.0000000010	4396678065.46165	
3745488403.62932	-4.500	-0.0000000010	4431314623.33826	
3745488403.66242	-4.000	-0.0000000007	6091989034.41974	
3745488403.76295	-4.000	-0.0000000007	6105006105.00611	
3745488403.79983	-3.500	-0.0000000004	8651588184.40242	
3745488403.89874	-3.500	-0.0000000004	8684863523.57320	
3745488403.93862	-3.000	-0.0000000002	12864493996.56947	
3745488404.03743	-3.000	-0.0000000002	13003901170.35111	
3745488404.07544	-2.500	-0.0000000001	21394950791.61318	
3745488404.17441	-2.500	-0.0000000001	21321961620.46908	
3745488404.21046	-2.000	-0.0000000001	38520801232.66564	
3745488404.42463	-2.000	-0.0000000001	38098866558.71988	
3745488404.46154	-1.500	-0.0000000000	60618306728.63204	
3745488405.49179	-1.500	-0.0000000000	60048038430.74459	
3745488405.51570	-1.000	0.0000000000	-42580370449.22291	
3745488405.71219	-1.000	0.0000000000	-43965706748.73598	
3745488405.73638	-0.500	0.0000000001	-7192692224.69970	
3745488405.95857	-0.500	0.0000000001	-7260582298.70036	
3745488405.99542	0.500	0.0000000002	2306273062.73063	
3745488406.09338	0.500	0.0000000002	2344116268.16690	
3745488406.13007	1.000	0.0000000003	3711952487.00817	
3745488406.22782	1.000	0.0000000003	3727865796.83131	
3745488406.26470	1.500	0.0000000003	4507888805.40947	
3745488406.36169	1.500	0.0000000003	4550970873.78641	
3745488406.39736	2.000	0.0000000004	5053695514.84523	
3745488406.49629	2.000	0.0000000004	5041593143.43332	
3745488406.53626	2.500	0.0000000005	5285412262.15645	
3745488406.63587	2.500	0.0000000005	5338458253.25646	
3745488406.67576	3.000	0.0000000006	5310204442.87105	
3745488406.77452	3.000	0.0000000006	5353319057.81585	
3745488406.81442	3.500	0.0000000007	5058168942.84269	
3745488406.91417	3.500	0.0000000007	5077614971.71043	
3745488406.95336	4.000	0.0000000011	3791469194.31280	
3745488407.03485	4.000	0.0000000010	3935071323.16773	
3745488407.06774	4.500	0.0000000014	3222341568.20623	
3745488407.15053	4.500	0.0000000014	3242074927.95389	
3745488407.18244	5.000	0.0000000015	3285151116.95138	
3745488407.26723	5.000	0.0000000015	3275466754.01245	
3745488407.30343	5.500	0.0000000019	2934115764.20379	
3745488407.38626	5.500	0.0000000019	2970564407.23737	
3745488407.41944	6.000	0.0000000024	2528977871.44362	
3745488407.50396	6.000	0.0000000023	2580645161.29032	
3745488407.53917	6.500	0.0000000029	2239448751.07666	
3745488407.62074	6.500	0.0000000029	2247968182.60418	
3745488407.65282	7.000	0.0000000036	1962708537.78214	
3745488407.73538	7.000	0.0000000036	1948232674.64514	
3745488407.76743	7.500	0.0000000047	1592525745.83289	
3745488407.85029	7.500	0.0000000056	1348799568.38414	
3745488407.88222	8.000	0.0000000093	863557858.37651	
3745488407.96575	8.000	0.0000000080	1000062503.90649	
3745488407.99963	8.500	0.0000000089	960072287.79579	
3745488408.08341	8.500	0.0000000091	931608943.44586	
3745488408.11543	9.000	0.0000000149	604432505.03694	
3745488408.17442	9.000	0.0000000136	659582264.56577	
3745488408.18141	9.000	0.0000000134	671391271.91347	
3745488408.18835	9.000	0.0000000136	659824046.92082	
3745488408.19536	9.000	0.0000000138	652173913.04348	
3745488408.22333	9.500	0.0000000184	516866158.86834	
3745488408.28116	9.500	0.0000000190	498687664.04199	
3745488408.28814	9.500	0.0000000184	514905149.05149	
3745488408.29384	9.500	0.0000000215	441552405.29863	
3745488408.30104	9.500	0.0000000208	457390467.01974	
3745488408.32909	10.000	0.0000000263	380807311.50038	
3745488408.38759	10.000	0.0000000250	399680255.79536	
3745488408.39458	10.000	0.0000000254	393545848.09130	
3745488408.40156	10.000	0.0000000252	396904147.64834	
3745488408.40853	10.000	0.0000000246	405761817.81294	
3745488408.43646	10.500	0.0000000295	355992541.10866	
3745488408.49437	10.500	0.0000000310	338273195.87629	
3745488408.50229	10.500	0.0000000312	336269015.21217	
3745488408.50941	10.500	0.0000000326	321888412.01717	
3745488408.51641	10.500	0.0000000327	320904645.47677	
3745488408.54447	11.000	0.0000000478	230173676.50136	
3745488408.60226	11.000	0.0000000478	230270043.96064	
3745488408.60923	11.000	0.0000000497	221194450.03016	
3745488408.61619	11.000	0.0000000504	218253968.25397	
3745488408.62301	11.000	0.0000000544	202261653.02933	
3745488408.65118	11.500	0.0000000673	170927467.30083	
3745488408.70973	11.500	0.0000000701	164121592.69302	
3745488408.71697	11.500	0.0000000644	178682411.43567	
3745488408.72469	11.500	0.0000000636	180746561.88605	
3745488408.73167	11.500	0.0000000644	178515988.82335	
3745488408.75960	12.000	0.0000000914	131326949.38440	
3745488408.81748	12.000	0.0000000898	133637730.38588	
3745488408.82442	12.000	0.0000000942	127429117.55336	
3745488408.83142	12.000	0.0000001007	119171756.29376	
3745488408.83938	12.000	0.0000001024	117136024.20811	
3745488408.86742	12.500	0.0000001114	112258643.91558	
3745488408.91642	12.500	0.0000001139	109745390.69359	
3745488408.92415	12.500	0.0000001172	106700810.92616	
3745488408.93022	12.500	0.0000001157	108038029.38634	
3745488408.93635	12.500	0.0000001215	102880658.43621	
3745488408.94314	12.500	0.0000001199	104253544.62052	
3745488408.95031	12.500	0.0000001179	105977108.94447	
3745488408.97431	13.000	0.0000001325	98113207.54717	
3745488409.02190	13.000	0.0000001329	97817908.20166	
3745488409.02920	13.000	0.0000001326	98076197.66126	
3745488409.03486	13.000	0.0000001332	97597597.59760	
3745488409.04110	13.000	0.0000001362	95412844.03670	
3745488409.04782	13.000	0.0000001330	97744360.90226	
3745488409.05410	13.000	0.0000001335	97378277.15356	
3745488409.07806	13.500	0.0000001663	81178592.90439	
3745488409.12661	13.500	0.0000001754	76944998.57509	
3745488409.13359	13.500	0.0000001658	81447963.80090	
3745488409.13958	13.500	0.0000001633	82695252.67994	
3745488409.14456	13.500	0.0000001672	80741626.79426	
3745488409.15055	13.500	0.0000001667	81008100.81008	
3745488409.15753	13.500	0.0000001711	78924291.14294	
3745488409.16451	13.500	0.0000001671	80814127.50673	
3745488409.18844	14.000	0.0000001834	76315072.22676	
3745488409.23742	14.000	0.0000001842	76004343.10532	
3745488409.24448	14.000	0.0000001848	75778078.48444	
3745488409.25047	14.000	0.0000001875	74686583.08882	
3745488409.25748	14.000	0.0000001852	75593952.48380	
3745488409.26329	14.000	0.0000001852	75573549.25776	
3745488409.26947	14.000	0.0000001886	74250861.84036	
3745488409.27544	14.000	0.0000001879	74527548.57599	
3745488409.30049	14.500	0.0000002091	69328233.32536	
3745488409.34832	14.500	0.0000002115	68557919.62175	
3745488409.35430	14.500	0.0000002095	69212410.50119	
3745488409.36028	14.500	0.0000002077	69829039.24874	
3745488409.36628	14.500	0.0000002062	70337133.15547	
3745488409.37195	14.500	0.0000002049	70748963.16175	
3745488409.37825	14.500	0.0000002056	70542447.09316	
3745488409.38423	14.500	0.0000002045	70904645.47677	
3745488409.40718	15.000	0.0000002185	68649885.58352	
3745488409.45503	15.000	0.0000002176	68917987.59476	
3745488409.46203	15.000	0.0000002165	69300069.30007	
3745488409.46904	15.000	0.0000002165	69300069.30007	
3745488409.47669	15.000	0.0000002163	69348127.60055	
3745488409.48301	15.000	0.0000002146	69897483.69059	
3745488409.48964	15.000	0.0000002211	67857950.68989	
3745488409.51277	15.500	0.0000002359	65705807.54557	
3745488409.56245	15.500	0.0000002366	65511411.66526	
3745488409.57043	15.500	0.0000002401	64542993.96211	
3745488409.57643	15.500	0.0000002413	64222084.11021	
3745488409.58344	15.500	0.0000002392	64785788.92372	
3745488409.59043	15.500	0.0000002374	65276900.40008	
3745488409.59835	15.500	0.0000002330	66523605.15021	
3745488409.62146	16.000	0.0000002449	65332788.89343	
3745488409.67047	16.000	0.0000002445	65439672.80164	
3745488409.67741	16.000	0.0000002423	66033842.34420	
3745488409.68342	16.000	0.0000002406	66500415.62760	
3745488409.68937	16.000	0.0000002390	66945606.69456	
3745488409.69539	16.000	0.0000002371	67482075.07381	
3745488409.70236	16.000	0.0000002370	67496308.79561	
3745488409.72532	16.500	0.0000002462	67032297.37965	
3745488409.77306	16.500	0.0000002456	67196090.40929	
3745488409.78002	16.500	0.0000002468	66869300.91185	
3745488409.78618	16.500	0.0000002465	66937119.67546	
3745488409.79219	16.500	0.0000002446	67457072.77187	
3745488409.79812	16.500	0.0000002445	67484662.57669	
3745488409.80515	16.500	0.0000002433	67831449.12641	
3745488409.81109	16.500	0.0000002430	67887265.99465	
3745488409.83472	17.000	0.0000002555	66523185.28664	
3745488409.88259	17.000	0.0000002544	66823899.37107	
3745488409.89057	17.000	0.0000002533	67114093.95973	
3745488409.89655	17.000	0.0000002521	67420186.39699	
3745488409.90355	17.000	0.0000002525	67340067.34007	
3745488409.90954	17.000	0.0000002505	67877819.92414	
3745488409.91650	17.000	0.0000002492	68204613.84152	
3745488409.94047	17.500	0.0000002592	67515432.09877	
3745488409.98852	17.500	0.0000002585	67698259.18762	
3745488409.99629	17.500	0.0000002577	67908420.64416	
3745488410.00238	17.500	0.0000002574	67987567.98757	
3745488410.00835	17.500	0.0000002555	68479749.55977	
3745488410.01435	17.500	0.0000002578	67882079.13111	
3745488410.02034	17.500	0.0000002559	68399452.80438	
3745488410.02635	17.500	0.0000002557	68439577.63004	
3745488410.04951	18.000	0.0000002673	67340067.34007	
3745488410.09731	18.000	0.0000002674	67302299.49523	
3745488410.10330	18.000	0.0000002667	67504219.01369	
3745488410.10929	18.000	0.0000002656	67771084.33735	
3745488410.11526	18.000	0.0000002654	67809380.29761	
3745488410.12123	18.000	0.0000002651	67898906.07318	
3745488410.12722	18.000	0.0000002630	68454078.72219	
3745488410.13392	18.000	0.0000002611	68952307.98698	
3745488410.15720	18.500	0.0000002701	68505832.25329	
3745488410.20673	18.500	0.0000002694	68671121.00965	
3745488410.21372	18.500	0.0000002687	68862832.68193	
3745488410.22069	18.500	0.0000002675	69158878.50467	
3745488410.22767	18.500	0.0000002674	69184741.95961	
3745488410.23465	18.500	0.0000002670	69288389.51311	
3745488410.24163	18.500	0.0000002657	69627399.32254	
3745488410.26457	19.000	0.0000002763	68765834.23815	
3745488410.31344	19.000	0.0000002757	68915487.84911	
3745488410.31942	19.000	0.0000002756	68940493.46880	
3745488410.32441	19.000	0.0000002747	69153776.16015	
3745488410.33140	19.000	0.0000002737	69419071.97662	
3745488410.33737	19.000	0.0000002731	69571585.49982	
3745488410.34336	19.000	0.0000002725	69711979.45331	
3745488410.34935	19.000	0.0000002716	69968698.21396	
3745488410.37248	19.500	0.0000002816	69234865.96840	
3745488410.42043	19.500	0.0000002815	69284064.66513	
3745488410.42643	19.500	0.0000002821	69124423.96313	
3745488410.43343	19.500	0.0000002813	69333333.33333	
3745488410.43939	19.500	0.0000002820	69148936.17021	
3745488410.44509	19.500	0.0000002811	69357993.95341	
3745488410.45107	19.500	0.0000002791	69867431.02831	
3745488410.45731	19.500	0.0000002780	70131271.35407	
3745488410.48210	20.000	0.0000002901	68929863.86352	
3745488410.53014	20.000	0.0000002900	68965517.24138	
3745488410.53714	20.000	0.0000002884	69360152.59234	
3745488410.54316	20.000	0.0000002874	69577317.79440	
3745488410.54982	20.000	0.0000002861	69905627.40301	
3745488410.55580	20.000	0.0000002853	70089363.93902	
3745488410.56210	20.000	0.0000002849	70200070.20007	
3745488410.56876	20.000	0.0000002843	70335853.70142	
3745488410.59269	20.000	0.0000002954	67716268.83359	
3745488410.64156	20.000	0.0000002808	71225071.22507	
3745488410.64954	20.000	0.0000002790	71684587.81362	
3745488410.65652	20.000	0.0000002807	71250445.31528	
3745488410.66450	20.000	0.0000002783	71864893.99928	
3745488410.66948	20.000	0.0000002780	71929509.08110	
3745488410.67746	20.000	0.0000002773	72137060.41479	
3745488410.70146	19.500	0.0000002659	73335840.54156	
3745488410.75048	19.500	0.0000004496	43371886.12100	
3745488410.75727	19.500	0.0000003148	61944091.48666	
3745488410.76323	19.500	0.0000002615	74584050.48766	
3745488410.76943	19.500	0.0000002743	71090047.39336	
3745488410.77639	19.500	0.0000002492	78234704.11234	
3745488410.78342	19.500	0.0000002488	78391959.79899	
3745488410.80744	19.000	0.0000002293	82860880.94200	
3745488410.85512	19.000	0.0000002784	68247126.43678	
3745488410.86113	19.000	0.0000002597	73175428.46139	
3745488410.86797	19.000	0.0000002404	79051383.39921	
3745488410.87406	19.000	0.0000002399	79183163.15899	
3745488410.88001	19.000	0.0000002714	70020269.02524	
3745488410.88599	19.000	0.0000003944	48168335.65724	
3745488410.89213	19.000	0.0000003741	50788559.20877	
3745488410.91509	18.500	0.0000002390	77405857.74059	
3745488410.96375	18.500	0.0000002399	77131540.54617	
3745488410.97101	18.500	0.0000002331	79382106.84402	
3745488410.97674	18.500	0.0000002441	75804138.49621	
3745488410.98375	18.500	0.0000002343	78958600.08536	
3745488410.99068	18.500	0.0000002465	75050709.93915	
3745488410.99766	18.500	0.0000002548	72591720.61997	
3745488411.02060	18.000	0.0000001900	94736842.10526	
3745488411.06853	18.000	0.0000001883	95592140.20181	
3745488411.07452	18.000	0.0000001883	95617529.88048	
3745488411.07951	18.000	0.0000001869	96282428.45681	
3745488411.08746	18.000	0.0000001858	96878363.83208	
3745488411.09347	18.000	0.0000001855	97035040.43127	
3745488411.10050	18.000	0.0000001856	96982758.62069	
3745488411.10650	18.000	0.0000001850	97297297.29730	
3745488411.13137	17.500	0.0000001684	103919239.90499	
3745488411.18054	17.500	0.0000001685	103888394.18225	
3745488411.18746	17.500	0.0000001680	104166666.66667	
3745488411.19345	17.500	0.0000001672	104696380.49656	
3745488411.20030	17.500	0.0000001672	104696380.49656	
3745488411.20649	17.500	0.0000001671	104727707.95931	
3745488411.21315	17.500	0.0000001672	104665071.77033	
3745488411.23738	17.000	0.0000001518	111989459.81555	
3745488411.28623	17.000	0.0000001514	112248266.75470	
3745488411.29216	17.000	0.0000001514	112248266.75470	
3745488411.29922	17.000	0.0000001514	112285336.85601	
3745488411.30600	17.000	0.0000001510	112545514.73022	
3745488411.31200	17.000	0.0000001510	112582781.45695	
3745488411.31896	17.000	0.0000001509	112694729.86410	
3745488411.34212	16.500	0.0000001391	118619698.05895	
3745488411.39137	16.500	0.0000001379	119608553.82385	
3745488411.39833	16.500	0.0000001372	120306234.05031	
3745488411.40430	16.500	0.0000001375	120043652.23718	
3745488411.40999	16.500	0.0000001371	120350109.40919	
3745488411.41632	16.500	0.0000001721	95846645.36741	
3745488411.42224	16.500	0.0000001372	120262390.67055	
3745488411.42813	16.500	0.0000001407	117270788.91258	
3745488411.45122	16.000	0.0000001837	87098530.21230	
3745488411.49975	16.000	0.0000003362	47597798.60181	
3745488411.50674	16.000	0.0000001227	130399348.00326	
3745488411.51272	16.000	0.0000001224	130772374.33592	
3745488411.51970	16.000	0.0000001218	131362889.98358	
3745488411.52570	16.000	0.0000001219	131255127.15340	
3745488411.53267	16.000	0.0000001216	131578947.36842	
3745488411.55515	15.500	0.0000001105	140271493.21267	
3745488411.60371	15.500	0.0000001102	140717203.81298	
3745488411.61099	15.500	0.0000001100	140973169.62256	
3745488411.61766	15.500	0.0000001097	141294439.38013	
3745488411.62495	15.500	0.0000001093	141746684.95656	
3745488411.63164	15.500	0.0000001093	141746684.95656	
3745488411.64060	15.500	0.0000001093	141876430.20595	
3745488411.66553	15.000	0.0000000983	152609624.58032	
3745488411.72316	15.000	0.0000000979	153280196.19865	
3745488411.73124	15.000	0.0000000977	153523361.13812	
3745488411.73927	15.000	0.0000000975	153846153.84615	
3745488411.74699	15.000	0.0000000973	154186154.08336	
3745488411.77526	14.500	0.0000000875	165676416.81901	
3745488411.83330	14.500	0.0000000872	166255804.62076	
3745488411.84108	14.500	0.0000000871	166475315.72905	
3745488411.84824	14.500	0.0000000868	167118077.56584	
3745488411.85525	14.500	0.0000000867	167175880.55572	
3745488411.88343	14.000	0.0000000779	179809915.23247	
3745488411.94236	14.000	0.0000000776	180505415.16245	
3745488411.95009	14.000	0.0000000776	180528691.16699	
3745488411.95730	14.000	0.0000000772	181253236.66494	
3745488411.96528	14.000	0.0000000771	181605915.16409	
3745488411.99331	13.500	0.0000000691	195482189.40052	
3745488412.05104	13.500	0.0000000688	196149654.92190	
3745488412.05779	13.500	0.0000000687	196420776.95330	
3745488412.06477	13.500	0.0000000685	197022767.07531	
3745488412.07275	13.500	0.0000000685	197037145.15070	
3745488412.10068	13.000	0.0000000610	212940212.94021	
3745488412.15857	13.000	0.0000000609	213604995.07065	
3745488412.16551	13.000	0.0000000608	213850962.32933	
3745488412.17352	13.000	0.0000000607	214326931.00321	
3745488412.18048	13.000	0.0000000605	215018193.84717	
3745488412.20846	12.500	0.0000000536	233252472.47621	
3745488412.26641	12.500	0.0000000534	233972859.14834	
3745488412.27421	12.500	0.0000000533	234543578.19683	
3745488412.28245	12.500	0.0000000532	234829983.09224	
3745488412.29017	12.500	0.0000000532	235183443.08561	
3745488412.31839	12.000	0.0000000469	255672738.89422	
3745488412.37621	12.000	0.0000000469	255945398.31503	
3745488412.38318	12.000	0.0000000467	257041876.40570	
3745488412.39015	12.000	0.0000000466	257704284.33373	
3745488412.39715	12.000	0.0000000466	257593646.02340	
3745488412.42513	11.500	0.0000000409	281173594.13203	
3745488412.48366	11.500	0.0000000408	281517747.85802	
3745488412.49163	11.500	0.0000000408	282104746.71900	
3745488412.49962	11.500	0.0000000407	282485875.70621	
3745488412.50763	11.500	0.0000000406	283600493.21825	
3745488412.53583	11.000	0.0000000355	310164951.36050	
3745488412.59445	11.000	0.0000000353	311394196.74452	
3745488412.60134	11.000	0.0000000353	311791383.21995	
3745488412.60849	11.000	0.0000000351	313211845.10251	
3745488412.61531	11.000	0.0000000350	313837375.17832	
3745488412.64248	10.500	0.0000000305	344262295.08197	
3745488412.70134	10.500	0.0000000304	345224395.85731	
3745488412.70905	10.500	0.0000000303	346935403.93193	
3745488412.71731	10.500	0.0000000302	347854894.81531	
3745488412.72504	10.500	0.0000000302	348085529.58727	
3745488412.75328	10.000	0.0000000260	384172109.10488	
3745488412.81111	10.000	0.0000000260	385208012.32666	
3745488412.81676	10.000	0.0000000260	384911470.36182	
3745488412.82275	10.000	0.0000000259	386772384.45175	
3745488412.82873	10.000	0.0000000258	387897595.03491	
3745488412.83605	10.000	0.0000000257	388575869.43851	
3745488412.86369	9.500	0.0000000221	430253623.18841	
3745488412.92148	9.500	0.0000000220	432506259.95903	
3745488412.92846	9.500	0.0000000219	434583714.54712	
3745488412.93644	9.500	0.0000000218	435480174.19207	
3745488412.94347	9.500	0.0000000217	437284234.75259	
3745488412.97142	9.000	0.0000000185	486486486.48649	
3745488413.02919	9.000	0.0000000184	488732011.94678	
3745488413.03639	9.000	0.0000000184	489396411.09299	
3745488413.04316	9.000	0.0000000184	490329610.46036	
3745488413.05140	9.000	0.0000000181	496414782.12907	
3745488413.07908	8.500	0.0000000153	555737169.00948	
3745488413.13718	8.500	0.0000000153	557011795.54391	
3745488413.14289	8.500	0.0000000152	559026635.97501	
3745488413.14888	8.500	0.0000000152	559762923.93810	
3745488413.15601	8.500	0.0000000151	563286944.99669	
3745488413.16383	8.500	0.0000000151	563100364.35906	
3745488413.19007	8.000	0.0000000126	636942675.15924	
3745488413.24865	8.000	0.0000000125	639488409.27258	
3745488413.25559	8.000	0.0000000125	642054574.63884	
3745488413.26257	8.000	0.0000000124	645421540.94393	
3745488413.26956	8.000	0.0000000124	646464646.46465	
3745488413.29748	7.500	0.0000000102	736738703.33988	
3745488413.35544	7.500	0.0000000101	743678730.78830	
3745488413.36345	7.500	0.0000000100	747011952.19124	
3745488413.37142	7.500	0.0000000100	752634219.76919	
3745488413.37926	7.500	0.0000000100	749625187.40630	
3745488413.40718	7.000	0.0000000079	889114695.79576	
3745488413.49008	7.000	0.0000000079	887536452.39001	
3745488413.52116	6.500	0.0000000061	1063046855.83449	
3745488413.60566	6.500	0.0000000061	1069342765.48491	
3745488413.64158	6.000	0.0000000046	1301518438.17787	
3745488413.72639	6.000	0.0000000046	1312623058.41173	
3745488413.76235	5.500	0.0000000034	1639099985.09909	
3745488413.84501	5.500	0.0000000033	1646953136.69711	
3745488413.87621	5.000	0.0000000024	2107925801.01180	
3745488413.96071	5.000	0.0000000024	2122241086.58744	
3745488413.99464	4.500	0.0000000016	2823086574.65496	
3745488414.07741	4.500	0.0000000016	2839116719.24290	
3745488414.10940	4.000	0.0000000010	3948667324.77789	
3745488414.19234	4.000	0.0000000010	3986048829.09816	
3745488414.22527	3.500	0.0000000006	5970149253.73134	
3745488414.32474	3.500	0.0000000006	6032402619.78628	
3745488414.36164	3.000	0.0000000003	9826400262.03734	
3745488414.46139	3.000	0.0000000003	9834453368.30028	
3745488414.49941	2.500	0.0000000001	17838030681.41277	
3745488414.59901	2.500	0.0000000001	18274853801.16959	
3745488414.63820	2.000	0.0000000001	35864789742.67014	
3745488414.84235	2.000	0.0000000001	35714285714.28571	
3745488414.87645	1.500	0.0000000000	144023043686.98990	
3745488415.06276	1.500	0.0000000000	133333333333.33333	
3745488415.08370	1.000	-0.0000000000	-33217073575.81797	
3745488415.29914	1.000	-0.0000000000	-33783783783.78378	
3745488415.32234	0.500	-0.0000000001	-5260389268.80589	
3745488415.43476	0.500	-0.0000000001	-6288912647.00333	
3745488415.61141	-0.500	-0.0000000003	1951981260.97989	
3745488415.71204	-0.500	-0.0000000003	1972386587.77120	
3745488415.75095	-1.000	-0.0000000003	3108003108.00311	
3745488415.85065	-1.000	-0.0000000003	3160556257.90139	
3745488415.88856	-1.500	-0.0000000004	3817765334.69076	
3745488415.98648	-1.500	-0.0000000004	3853069612.12433	
3745488416.02242	-2.000	-0.0000000005	4261666311.52781	
3745488416.12018	-2.000	-0.0000000005	4300150505.26768	
3745488416.15711	-2.500	-0.0000000005	4548348949.33139	
3745488416.25656	-2.500	-0.0000000005	4573310161.89518	
3745488416.29247	-3.000	-0.0000000006	4656577415.59953	
3745488416.39120	-3.000	-0.0000000006	4660194174.75728	
3745488416.42743	-3.500	-0.0000000008	4558181936.57615	
3745488416.52684	-3.500	-0.0000000008	4578455098.43678	
3745488416.56175	-4.000	-0.0000000009	4331113637.59407	
3745488416.66152	-4.000	-0.0000000009	4351373402.23008	
3745488416.69739	-4.500	-0.0000000012	3732890916.63210	
3745488416.78136	-4.500	-0.0000000012	3719008264.46281	
3745488416.81635	-5.000	-0.0000000016	3166561114.62951	
3745488416.89885	-5.000	-0.0000000019	2626740215.39270	
3745488416.92977	-5.500	-0.0000000020	2761737383.88150	
3745488417.01255	-5.500	-0.0000000020	2783400809.71660	
3745488417.04446	-6.000	-0.0000000023	2566295979.46963	
3745488417.12937	-6.000	-0.0000000023	2574554816.56297	
3745488417.16531	-6.500	-0.0000000030	2177554438.86097	
3745488417.24714	-6.500	-0.0000000030	2173186225.34269	
3745488417.27883	-7.000	-0.0000000042	1675843907.11037	
3745488417.36161	-7.000	-0.0000000044	1600000000.00000	
3745488417.39452	-7.500	-0.0000000053	1417635384.17919	
3745488417.48029	-7.500	-0.0000000056	1342281879.19463	
3745488417.51022	-8.000	-0.0000000071	1121862291.40373	
3745488417.59399	-8.000	-0.0000000073	1103448275.86207	
3745488417.62590	-8.500	-0.0000000093	916046987.82196	
3745488417.70669	-8.500	-0.0000000099	855130784.70825	
3745488417.73661	-9.000	-0.0000000163	551808706.31514	
3745488417.79345	-9.000	-0.0000000161	557275541.79567	
3745488417.79944	-9.000	-0.0000000164	547112462.00608	
3745488417.80542	-9.000	-0.0000000168	536672629.69589	
3745488417.81240	-9.000	-0.0000000169	533333333.33333	
3745488417.83933	-9.500	-0.0000000278	341726618.70504	
3745488417.89618	-9.500	-0.0000000273	347412689.70561	
3745488417.90216	-9.500	-0.0000000292	325788751.71468	
3745488417.90815	-9.500	-0.0000000332	286273918.93928	
3745488417.91513	-9.500	-0.0000000326	291500460.26388	
3745488417.92111	-9.500	-0.0000000279	340379792.18918	
3745488417.94805	-10.000	-0.0000000390	256443133.73509	
3745488418.00508	-10.000	-0.0000000384	260722200.49537	
3745488418.01191	-10.000	-0.0000000384	260586319.21824	
3745488418.01786	-10.000	-0.0000000408	245128079.42150	
3745488418.02384	-10.000	-0.0000000383	261096605.74413	
3745488418.03082	-10.000	-0.0000000406	246548323.47140	
3745488418.05874	-10.500	-0.0000000545	192713590.89658	
3745488418.11659	-10.500	-0.0000000545	192642876.80029	
3745488418.12367	-10.500	-0.0000000558	188121472.72239	
3745488418.13155	-10.500	-0.0000000585	179333902.64731	
3745488418.13853	-10.500	-0.0000000638	164563905.65003	
3745488418.16647	-11.000	-0.0000000762	144300144.30014	
3745488418.22546	-11.000	-0.0000000748	147009689.27497	
3745488418.23245	-11.000	-0.0000000814	135209882.61324	
3745488418.23946	-11.000	-0.0000000838	131264916.46778	
3745488418.24624	-11.000	-0.0000000804	136773391.35841	
3745488418.27453	-11.500	-0.0000001008	114098620.89493	
3745488418.33213	-11.500	-0.0000000990	116132289.82580	
3745488418.33923	-11.500	-0.0000000974	118106192.87255	
3745488418.34607	-11.500	-0.0000000973	118221536.87998	
3745488418.35305	-11.500	-0.0000000975	117894305.19248	
3745488418.38088	-12.000	-0.0000001169	102651839.17879	
3745488418.42975	-12.000	-0.0000001153	104076322.63660	
3745488418.43973	-12.000	-0.0000001198	100166944.90818	
3745488418.45070	-12.000	-0.0000001186	101180438.44857	
3745488418.45768	-12.000	-0.0000001174	102214650.76661	
3745488418.46468	-12.000	-0.0000001202	99875156.05493	
3745488418.48693	-12.500	-0.0000001397	89445438.28265	
3745488418.53547	-12.500	-0.0000001372	91074681.23862	
3745488418.54245	-12.500	-0.0000001361	91844232.18222	
3745488418.54849	-12.500	-0.0000001344	93005952.38095	
3745488418.55542	-12.500	-0.0000001336	93597903.40696	
3745488418.56146	-12.500	-0.0000001344	92971364.81964	
3745488418.56938	-12.500	-0.0000001327	94161958.56874	
3745488418.59248	-13.000	-0.0000001542	84306095.97925	
3745488418.64145	-13.000	-0.0000001552	83735909.82287	
3745488418.64817	-13.000	-0.0000001558	83440308.08729	
3745488418.65415	-13.000	-0.0000001568	82908163.26531	
3745488418.66041	-13.000	-0.0000001556	83574413.37191	
3745488418.66715	-13.000	-0.0000001551	83816892.32753	
3745488418.67339	-13.000	-0.0000001559	83413538.65897	
3745488418.69729	-13.500	-0.0000001681	80309339.67876	
3745488418.74516	-13.500	-0.0000001672	80765779.24020	
3745488418.75210	-13.500	-0.0000001647	81992104.46401	
3745488418.75789	-13.500	-0.0000001625	83102493.07479	
3745488418.76386	-13.500	-0.0000001635	82568807.33945	
3745488418.76985	-13.500	-0.0000001662	81227436.82310	
3745488418.77596	-13.500	-0.0000001632	82720588.23529	
3745488418.78182	-13.500	-0.0000001619	83410565.33828	
3745488418.80575	-14.000	-0.0000001728	80995082.44142	
3745488418.85395	-14.000	-0.0000001744	80275229.35780	
3745488418.85989	-14.000	-0.0000001730	80924855.49133	
3745488418.86559	-14.000	-0.0000001720	81395348.83721	
3745488418.87057	-14.000	-0.0000001706	82063305.97890	
3745488418.87558	-14.000	-0.0000001757	79681274.90040	
3745488418.88254	-14.000	-0.0000001729	80948250.93958	
3745488418.88753	-14.000	-0.0000001724	81206496.51972	
3745488418.91146	-14.500	-0.0000001817	79801871.21629	
3745488418.95937	-14.500	-0.0000001783	81323611.89007	
3745488418.96532	-14.500	-0.0000001788	81118881.11888	
3745488418.97030	-14.500	-0.0000001770	81920903.95480	
3745488418.97629	-14.500	-0.0000001757	82527034.71827	
3745488418.98427	-14.500	-0.0000001781	81392085.32136	
3745488418.99028	-14.500	-0.0000001760	82362965.06674	
3745488418.99524	-14.500	-0.0000001752	82786183.27148	
3745488419.01931	-15.000	-0.0000001929	77780658.54291	
3745488419.06728	-15.000	-0.0000001908	78636959.37090	
3745488419.07326	-15.000	-0.0000001887	79491255.96184	
3745488419.07902	-15.000	-0.0000001877	79914757.59190	
3745488419.08525	-15.000	-0.0000001875	80000000.00000	
3745488419.09102	-15.000	-0.0000001877	79914757.59190	
3745488419.09723	-15.000	-0.0000001879	79850944.90285	
3745488419.10323	-15.000	-0.0000001866	80364318.24270	
3745488419.12625	-15.500	-0.0000001993	77752696.26285	
3745488419.17476	-15.500	-0.0000001976	78441295.54656	
3745488419.18077	-15.500	-0.0000001968	78740157.48031	
3745488419.18573	-15.500	-0.0000001972	78580481.62231	
3745488419.19271	-15.500	-0.0000001964	78920570.26477	
3745488419.19873	-15.500	-0.0000001954	79304169.86442	
3745488419.20568	-15.500	-0.0000001930	80310880.82902	
3745488419.21167	-15.500	-0.0000001920	80729166.66667	
3745488419.23561	-16.000	-0.0000002044	78297039.39320	
3745488419.28446	-16.000	-0.0000002025	78992841.27376	
3745488419.29146	-16.000	-0.0000002010	79582193.48421	
3745488419.29846	-16.000	-0.0000002015	79404466.50124	
3745488419.30547	-16.000	-0.0000001993	80280983.44205	
3745488419.31239	-16.000	-0.0000002009	79641612.74266	
3745488419.31838	-16.000	-0.0000002029	78856579.59586	
3745488419.34244	-16.500	-0.0000002147	76869322.15234	
3745488419.39148	-16.500	-0.0000002324	70998278.82960	
3745488419.39846	-16.500	-0.0000003738	44141252.00642	
3745488419.40447	-16.500	-0.0000003991	41348201.97970	
3745488419.41146	-16.500	-0.0000002225	74157303.37079	
3745488419.41847	-16.500	-0.0000002462	67032297.37965	
3745488419.42544	-16.500	-0.0000002615	63109581.18187	
3745488419.44934	-17.000	-0.0000002121	80150872.23008	
3745488419.49821	-17.000	-0.0000002113	80435296.90088	
3745488419.50388	-17.000	-0.0000002134	79643944.71773	
3745488419.51018	-17.000	-0.0000002091	81320258.31141	
3745488419.51786	-17.000	-0.0000002121	80150872.23008	
3745488419.52397	-17.000	-0.0000002073	82026537.99759	
3745488419.52981	-17.000	-0.0000002068	82205029.01354	
3745488419.55375	-17.500	-0.0000002167	80756806.64513	
3745488419.60190	-17.500	-0.0000002162	80943570.76781	
3745488419.60960	-17.500	-0.0000002171	80626583.73647	
3745488419.61658	-17.500	-0.0000002174	80496780.12879	
3745488419.62358	-17.500	-0.0000002158	81074820.47718	
3745488419.62954	-17.500	-0.0000002177	80385852.09003	
3745488419.63553	-17.500	-0.0000002153	81281932.18765	
3745488419.65946	-18.000	-0.0000002247	80088987.76418	
3745488419.70842	-18.000	-0.0000002261	79593190.36038	
3745488419.71531	-18.000	-0.0000002224	80935251.79856	
3745488419.72130	-18.000	-0.0000002208	81503282.77111	
3745488419.72730	-18.000	-0.0000002214	81319177.77276	
3745488419.73241	-18.000	-0.0000002228	80789946.14004	
3745488419.73947	-18.000	-0.0000002222	80989876.26547	
3745488419.74634	-18.000	-0.0000002204	81651168.06532	
3745488419.77017	-18.500	-0.0000002400	77067277.65049	
3745488419.81839	-18.500	-0.0000002463	75096407.55023	
3745488419.82431	-18.500	-0.0000002471	74868474.30190	
3745488419.83032	-18.500	-0.0000002422	76367389.06089	
3745488419.83600	-18.500	-0.0000002607	70962792.48178	
3745488419.84227	-18.500	-0.0000002650	69811320.75472	
3745488419.84822	-18.500	-0.0000002348	78790459.96593	
3745488419.85424	-18.500	-0.0000002444	75695581.01473	
3745488419.87788	-19.000	-0.0000002363	80389253.22615	
3745488419.92707	-19.000	-0.0000002377	79915878.02313	
3745488419.93389	-19.000	-0.0000002361	80474375.26472	
3745488419.94072	-19.000	-0.0000002358	80576759.96607	
3745488419.94570	-19.000	-0.0000002358	80593849.41676	
3745488419.95068	-19.000	-0.0000002345	81006182.05074	
3745488419.95766	-19.000	-0.0000002337	81318210.99936	
3745488419.96265	-19.000	-0.0000002338	81283422.45989	
3745488419.98579	-19.500	-0.0000002488	78376205.78778	
3745488420.03446	-19.500	-0.0000002477	78740157.48031	
3745488420.04150	-19.500	-0.0000002471	78915418.85876	
3745488420.04844	-19.500	-0.0000002459	79300528.67019	
3745488420.05547	-19.500	-0.0000002455	79445915.66510	
3745488420.06140	-19.500	-0.0000002442	79868933.03297	
3745488420.06937	-19.500	-0.0000002465	79091462.17806	
3745488420.09349	-20.000	-0.0000002576	77624684.64972	
3745488420.14117	-20.000	-0.0000002570	77821011.67315	
3745488420.14751	-20.000	-0.0000002583	77414360.36385	
3745488420.15344	-20.000	-0.0000002606	76731248.80107	
3745488420.15930	-20.000	-0.0000002623	76248570.33931	
3745488420.16545	-20.000	-0.0000002625	76190476.19048	
3745488420.17140	-20.000	-0.0000002659	75230393.07880	
3745488420.17824	-20.000	-0.0000002639	75786282.68283	
