3745488014.050741	-20.000000	-1.413500E-6	14149274.849664
3745488014.089608	-20.000000	-1.351000E-6	14803849.000740
3745488014.096581	-20.000000	-1.411000E-6	14174344.436570
3745488014.104626	-20.000000	-1.502500E-6	13311148.086522
3745488014.112601	-20.000000	-1.669500E-6	11979634.621144
3745488014.119274	-20.000000	-1.327000E-6	15071590.052751
3745488014.127253	-20.000000	-1.425000E-6	14035087.719298
3745488014.134343	-20.000000	-1.251000E-6	15987210.231815
3745488014.141315	-20.000000	-1.449000E-6	13802622.498275
3745488014.148294	-20.000000	-1.505000E-6	13289036.544850
3745488014.155282	-20.000000	-1.381000E-6	14482259.232440
3745488014.162257	-20.000000	-1.308500E-6	15284677.111196
3745488014.169239	-20.000000	-1.251500E-6	15980823.012385
3745488014.176114	-20.000000	-1.646500E-6	12146978.439113
3745488014.183202	-20.000000	-1.173000E-6	17050298.380222
3745488014.190182	-20.000000	-1.286000E-6	15552099.533437
3745488014.197166	-20.000000	-1.302500E-6	15355086.372361
3745488014.204144	-20.000000	-1.074500E-6	18613308.515589
3745488014.211127	-20.000000	-1.297500E-6	15414258.188825
3745488014.218111	-20.000000	-1.221000E-6	16380016.380016
3745488014.225089	-20.000000	-1.282500E-6	15594541.910331
3745488014.232070	-20.000000	-1.275000E-6	15686274.509804
3745488014.237960	-20.000000	-1.587000E-6	12602394.454946
3745488014.258889	-19.500000	-9.305000E-7	20956475.013434
3745488014.297786	-19.500000	-9.925000E-7	19647355.163728
3745488014.304898	-19.500000	-1.003500E-6	19431988.041854
3745488014.312747	-19.500000	-8.845000E-7	22046353.872244
3745488014.351695	-19.500000	-1.023000E-6	19061583.577713
3745488014.358652	-19.500000	-1.038200E-6	18782508.187247
3745488014.397705	-19.500000	-7.448500E-7	26179767.738471
3745488014.449397	-19.500000	-8.130500E-7	23983764.836111
3745488014.477397	-19.000000	-8.790000E-7	21615472.127418
3745488014.543647	-19.000000	-1.038650E-6	18292976.459828
3745488014.580616	-19.000000	-8.366500E-7	22709615.729397
3745488014.630638	-19.000000	-6.354500E-7	29900070.815957
3745488014.638453	-19.000000	-6.616000E-7	28718258.766626
3745488014.647657	-19.000000	-8.044000E-7	23620089.507708
3745488014.655407	-19.000000	-7.429000E-7	25575447.570332
3745488014.663661	-19.000000	-7.805000E-7	24343369.634849
3745488014.688622	-18.500000	-8.207000E-7	22541732.667235
3745488014.737464	-18.500000	-7.773000E-7	23800334.491187
3745488014.745446	-18.500000	-7.116500E-7	25995924.963114
3745488014.751257	-18.500000	-7.563000E-7	24461192.648420
3745488014.758210	-18.500000	-5.865000E-7	31543052.003410
3745488014.764197	-18.500000	-6.420500E-7	28813955.299432
3745488014.770181	-18.500000	-5.896500E-7	31374544.221148
3745488014.777093	-18.500000	-6.610500E-7	27985780.198170
3745488014.783060	-18.500000	-6.334000E-7	29207451.847174
3745488014.789060	-18.500000	-6.150500E-7	30078855.377612
3745488014.795030	-18.500000	-5.867000E-7	31532299.301176
3745488014.801098	-18.500000	-6.984500E-7	26487221.705204
3745488014.807082	-18.500000	-6.600000E-7	28030303.030303
3745488014.813097	-18.500000	-6.554500E-7	28224883.667709
3745488014.819077	-18.500000	-7.293000E-7	25366790.072672
3745488014.825062	-18.500000	-6.813500E-7	27151977.691348
3745488014.831928	-18.500000	-6.632500E-7	27892951.375801
3745488014.837912	-18.500000	-6.093500E-7	30360219.906458
3745488014.843007	-18.500000	-6.875000E-7	26909090.909091
3745488014.849880	-18.500000	-6.787000E-7	27257993.222337
3745488014.855864	-18.500000	-7.579000E-7	24409552.711440
3745488014.860852	-18.500000	-6.771500E-7	27320386.915750
3745488014.866834	-18.500000	-7.007000E-7	26402169.259312
3745488014.871837	-18.500000	-6.399500E-7	28908508.477225
3745488014.894759	-18.000000	-5.264500E-7	34191281.223288
3745488014.942635	-18.000000	-4.683000E-7	38436899.423447
3745488014.948628	-18.000000	-4.885500E-7	36843721.215843
3745488014.954623	-18.000000	-5.174500E-7	34785969.658904
3745488014.961622	-18.000000	-4.801000E-7	37492189.127265
3745488014.969624	-18.000000	-5.004500E-7	35967629.133780
3745488014.977539	-18.000000	-5.365000E-7	33550792.171482
3745488014.984521	-18.000000	-5.681000E-7	31684562.577011
3745488014.989506	-18.000000	-5.586500E-7	32220531.638772
3745488014.994503	-18.000000	-5.718000E-7	31479538.300105
3745488014.999480	-18.000000	-7.160000E-7	25139664.804469
3745488015.004467	-18.000000	-5.508000E-7	32679738.562092
3745488015.011745	-18.000000	-5.804500E-7	31010422.947713
3745488015.018747	-18.000000	-5.137500E-7	35036496.350365
3745488015.025410	-18.000000	-5.717000E-7	31485044.603813
3745488015.031750	-18.000000	-5.254000E-7	34259611.724400
3745488015.038733	-18.000000	-5.120000E-7	35156250.000000
3745488015.044705	-18.000000	-5.506500E-7	32688640.697358
3745488015.069593	-18.000000	-4.401500E-7	40895149.380893
3745488015.117167	-18.000000	-5.143000E-7	34999027.804783
3745488015.140106	-17.500000	-5.617500E-7	31152647.975078
3745488015.188261	-17.500000	-4.541500E-7	38533524.166024
3745488015.193994	-17.500000	-4.697000E-7	37257824.143070
3745488015.198946	-17.500000	-4.477500E-7	39084310.441094
3745488015.203933	-17.500000	-4.134000E-7	42331881.954523
3745488015.208921	-17.500000	-4.989500E-7	35073654.674817
3745488015.214938	-17.500000	-5.279000E-7	33150217.844289
3745488015.219891	-17.500000	-6.012000E-7	29108449.767132
3745488015.225874	-17.500000	-5.507000E-7	31777737.425095
3745488015.231858	-17.500000	-6.906000E-7	25340283.811179
3745488015.237845	-17.500000	-5.274500E-7	33178500.331785
3745488015.243832	-17.500000	-5.074500E-7	34486156.271554
3745488015.248817	-17.500000	-5.146500E-7	34003691.829399
3745488015.254836	-17.500000	-5.573500E-7	31398582.578272
3745488015.260819	-17.500000	-5.830000E-7	30017152.658662
3745488015.265769	-17.500000	-6.740500E-7	25962465.692456
3745488015.270755	-17.500000	-5.188500E-7	33728437.891491
3745488015.340736	-17.500000	-4.359000E-7	40146822.665749
3745488015.364779	-17.000000	-4.039500E-7	42084416.388167
3745488015.412375	-17.000000	-5.155000E-7	32977691.561591
3745488015.417364	-17.000000	-3.466500E-7	49040819.270157
3745488015.423347	-17.000000	-3.608500E-7	47110987.945130
3745488015.429648	-17.000000	-3.771000E-7	45080880.403076
3745488015.436666	-17.000000	-3.393500E-7	50095771.327538
3745488015.442297	-17.000000	-3.352000E-7	50715990.453461
3745488015.448636	-17.000000	-3.779500E-7	44979494.642148
3745488015.455585	-17.000000	-3.884500E-7	43763676.148796
3745488015.461410	-17.000000	-4.493000E-7	37836634.765190
3745488015.466384	-17.000000	-3.972500E-7	42794210.195091
3745488015.471218	-17.000000	-5.132500E-7	33122260.107160
3745488015.477356	-17.000000	-4.870500E-7	34904013.961606
3745488015.483342	-17.000000	-6.348000E-7	26780088.216761
3745488015.489324	-17.000000	-3.781500E-7	44955705.407907
3745488015.495308	-17.000000	-3.943500E-7	43108913.401800
3745488015.501295	-17.000000	-4.408000E-7	38566243.194192
3745488015.507277	-17.000000	-3.521500E-7	48274882.862417
3745488015.513260	-17.000000	-4.412000E-7	38531278.331822
3745488015.519243	-17.000000	-3.979000E-7	42724302.588590
3745488015.525238	-17.000000	-4.319000E-7	39360963.185923
3745488015.531221	-17.000000	-4.328500E-7	39274575.488044
3745488015.537208	-17.000000	-4.130000E-7	41162227.602906
3745488015.543177	-17.000000	-5.916500E-7	28733203.752218
3745488015.549163	-17.000000	-3.366500E-7	50497549.383633
3745488015.572321	-16.500000	-3.561000E-7	46335299.073294
3745488015.621817	-16.500000	-3.236500E-7	50980997.991658
3745488015.628811	-16.500000	-3.373500E-7	48910626.945309
3745488015.635780	-16.500000	-2.976000E-7	55443548.387097
3745488015.642769	-16.500000	-3.485000E-7	47345767.575323
3745488015.648752	-16.500000	-4.275500E-7	38591977.546486
3745488015.655725	-16.500000	-4.706500E-7	35057898.650802
3745488015.661708	-16.500000	-2.856500E-7	57762996.674252
3745488015.668690	-16.500000	-2.907000E-7	56759545.923633
3745488015.675671	-16.500000	-3.332500E-7	49512378.094524
3745488015.682656	-16.500000	-3.156000E-7	52281368.821293
3745488015.689652	-16.500000	-3.349500E-7	49261083.743842
3745488015.695723	-16.500000	-4.392500E-7	37564029.595902
3745488015.702759	-16.500000	-4.616000E-7	35745233.968804
3745488015.710720	-16.500000	-4.989500E-7	33069445.836256
3745488015.717559	-16.500000	-2.841000E-7	58078141.499472
3745488015.724710	-16.500000	-3.533000E-7	46702519.105576
3745488015.731768	-16.500000	-3.893500E-7	42378322.845769
3745488015.738720	-16.500000	-4.056000E-7	40680473.372781
3745488015.744754	-16.500000	-2.964500E-7	55658627.087199
3745488015.750731	-16.500000	-3.530500E-7	46735589.859793
3745488015.757756	-16.500000	-2.907500E-7	56749785.038693
3745488015.781708	-16.000000	-2.592000E-7	61728395.061728
3745488015.830618	-16.000000	-2.565500E-7	62366010.524264
3745488015.836554	-16.000000	-3.080000E-7	51948051.948052
3745488015.842249	-16.000000	-2.554500E-7	62634566.451360
3745488015.848516	-16.000000	-2.764500E-7	57876650.388859
3745488015.854570	-16.000000	-2.657500E-7	60206961.429915
3745488015.860351	-16.000000	-2.875000E-7	55652173.913043
3745488015.866534	-16.000000	-3.299500E-7	48492195.787240
3745488015.872440	-16.000000	-3.409500E-7	46927702.009092
3745488015.879135	-16.000000	-3.212000E-7	49813200.498132
3745488015.885435	-16.000000	-3.860500E-7	41445408.625826
3745488015.891395	-16.000000	-3.262500E-7	49042145.593870
3745488015.898443	-16.000000	-3.831500E-7	41759102.179303
3745488015.905082	-16.000000	-2.841000E-7	56318197.817670
3745488015.911409	-16.000000	-2.887500E-7	55411255.411255
3745488015.918024	-16.000000	-2.649000E-7	60400151.000377
3745488015.925005	-16.000000	-2.852500E-7	56091148.115688
3745488015.931260	-16.000000	-3.327500E-7	48084147.257701
3745488015.937317	-16.000000	-2.723500E-7	58747934.642923
3745488015.944277	-16.000000	-2.843000E-7	56278578.965881
3745488015.950958	-16.000000	-3.049000E-7	52476221.712037
3745488015.957237	-16.000000	-3.566000E-7	44868199.663488
3745488015.963084	-16.000000	-3.237500E-7	49420849.420849
3745488015.986850	-15.500000	-4.067000E-7	38111630.194246
3745488016.034729	-15.500000	-3.569000E-7	43429532.081816
3745488016.042690	-15.500000	-2.437500E-7	63589743.589744
3745488016.048746	-15.500000	-2.486000E-7	62349155.269509
3745488016.056695	-15.500000	-2.206500E-7	70246997.507365
3745488016.063745	-15.500000	-2.449500E-7	63278220.044907
3745488016.070615	-15.500000	-2.613500E-7	59307442.127415
3745488016.076599	-15.500000	-3.065000E-7	50570962.479608
3745488016.081587	-15.500000	-2.798500E-7	55386814.364838
3745488016.087581	-15.500000	-3.239500E-7	47846889.952153
3745488016.092556	-15.500000	-3.169000E-7	48911328.494793
3745488016.098557	-15.500000	-3.501500E-7	44266742.824504
3745488016.104558	-15.500000	-4.668500E-7	33201242.369069
3745488016.110507	-15.500000	-3.319000E-7	46700813.498042
3745488016.116556	-15.500000	-2.971000E-7	52170986.199933
3745488016.122557	-15.500000	-3.395500E-7	45648652.628479
3745488016.128459	-15.500000	-2.812000E-7	55120910.384068
3745488016.134559	-15.500000	-2.617000E-7	59228123.805885
3745488016.139557	-15.500000	-3.090000E-7	50161812.297735
3745488016.145557	-15.500000	-4.323000E-7	35854730.511219
3745488016.151602	-15.500000	-3.706500E-7	41818427.087549
3745488016.157613	-15.500000	-3.976000E-7	38983903.420523
3745488016.163567	-15.500000	-3.689000E-7	42016806.722689
3745488016.168601	-15.500000	-6.941000E-7	22331076.213802
3745488016.191750	-15.000000	-2.378500E-7	63064956.905613
3745488016.240704	-15.000000	-2.464500E-7	60864272.671942
3745488016.247683	-15.000000	-2.655500E-7	56486537.375259
3745488016.253625	-15.000000	-2.952000E-7	50813008.130081
3745488016.260477	-15.000000	-2.711500E-7	55319933.616080
3745488016.266456	-15.000000	-2.460500E-7	60963218.857956
3745488016.272445	-15.000000	-2.581500E-7	58105752.469494
3745488016.278426	-15.000000	-2.525500E-7	59394179.370422
3745488016.283249	-15.000000	-2.184000E-7	68681318.681319
3745488016.289406	-15.000000	-2.305000E-7	65075921.908894
3745488016.295389	-15.000000	-2.530500E-7	59276822.762300
3745488016.301373	-15.000000	-2.877000E-7	52137643.378519
3745488016.307357	-15.000000	-2.324500E-7	64530006.453001
3745488016.313341	-15.000000	-2.735500E-7	54834582.343264
3745488016.318156	-15.000000	-2.858500E-7	52475074.339689
3745488016.324306	-15.000000	-2.952500E-7	50804403.048264
3745488016.330297	-15.000000	-2.491500E-7	60204695.966285
3745488016.336223	-15.000000	-2.720500E-7	55136923.359677
3745488016.342091	-15.000000	-2.523000E-7	59453032.104637
3745488016.348248	-15.000000	-2.645000E-7	56710775.047259
3745488016.354231	-15.000000	-2.774500E-7	54063795.278429
3745488016.360207	-15.000000	-2.789000E-7	53782717.820007
3745488016.366189	-15.000000	-2.542500E-7	58997050.147493
3745488016.371015	-15.000000	-2.982000E-7	50301810.865191
3745488016.377993	-15.000000	-3.333500E-7	44997750.112494
3745488016.400936	-14.500000	-3.835500E-7	37804719.071829
3745488016.449669	-14.500000	-2.293000E-7	63235935.455735
3745488016.457523	-14.500000	-3.328000E-7	43569711.538462
3745488016.464627	-14.500000	-4.067000E-7	35652815.343005
3745488016.471683	-14.500000	-2.432500E-7	59609455.292909
3745488016.478603	-14.500000	-2.472500E-7	58645096.056623
3745488016.485657	-14.500000	-3.659500E-7	39622899.303183
3745488016.492435	-14.500000	-3.564500E-7	40678917.099172
3745488016.498646	-14.500000	-2.029000E-7	71463775.258748
3745488016.505683	-14.500000	-1.924000E-7	75363825.363825
3745488016.512389	-14.500000	-2.221500E-7	65271213.144272
3745488016.519669	-14.500000	-3.003000E-7	48285048.285048
3745488016.526355	-14.500000	-2.705500E-7	53594529.661800
3745488016.533323	-14.500000	-1.968000E-7	73678861.788618
3745488016.539588	-14.500000	-1.773000E-7	81782289.904117
3745488016.545574	-14.500000	-2.772500E-7	52299368.800721
3745488016.552438	-14.500000	-1.964000E-7	73828920.570265
3745488016.558625	-14.500000	-2.435000E-7	59548254.620123
3745488016.564536	-14.500000	-2.649000E-7	54737636.844092
3745488016.570409	-14.500000	-2.102000E-7	68981921.979068
3745488016.597473	-14.500000	-4.109500E-7	35284097.822119
3745488016.663973	-14.000000	-2.349000E-7	59599829.714772
3745488016.715847	-14.000000	-3.212500E-7	43579766.536965
3745488016.727805	-14.000000	-3.405500E-7	41109969.167523
3745488016.737779	-14.000000	-2.814500E-7	49742405.400604
3745488016.745756	-14.000000	-3.335000E-7	41979010.494753
3745488016.751743	-14.000000	-3.075500E-7	45521053.487238
3745488016.758718	-14.000000	-2.509000E-7	55799123.156636
3745488016.765758	-14.000000	-4.177000E-7	33516878.142207
3745488016.772738	-14.000000	-3.223500E-7	43431053.203040
3745488016.779720	-14.000000	-2.453500E-7	57061340.941512
3745488016.785752	-14.000000	-2.337000E-7	59905862.216517
3745488016.791840	-14.000000	-1.620500E-7	86393088.552916
3745488016.798611	-14.000000	-2.519500E-7	55566580.670768
3745488016.804604	-14.000000	-1.696500E-7	82522841.143531
3745488016.810599	-14.000000	-2.513000E-7	55710306.406685
3745488016.816602	-14.000000	-2.180500E-7	64205457.463884
3745488016.822607	-14.000000	-2.549500E-7	54912727.985880
3745488016.828596	-14.000000	-2.945000E-7	47538200.339559
3745488016.834598	-14.000000	-4.109000E-7	34071550.255537
3745488016.840596	-14.000000	-2.527000E-7	55401662.049861
3745488016.846597	-14.000000	-2.459500E-7	56922138.646066
3745488016.869735	-13.500000	-1.675000E-7	80597014.925373
3745488016.918590	-13.500000	-2.209500E-7	61099796.334012
3745488016.926563	-13.500000	-1.787500E-7	75524475.524476
3745488016.933464	-13.500000	-1.537500E-7	87804878.048780
3745488016.940356	-13.500000	-2.273000E-7	59392872.855257
3745488016.947219	-13.500000	-1.731500E-7	77967080.565983
3745488016.952298	-13.500000	-1.614000E-7	83643122.676580
3745488016.958193	-13.500000	-2.032500E-7	66420664.206642
3745488016.965330	-13.500000	-2.146500E-7	62893081.761006
3745488016.971524	-13.500000	-1.517000E-7	88991430.454845
3745488016.977134	-13.500000	-2.094000E-7	64469914.040115
3745488016.984457	-13.500000	-1.300000E-7	103846153.846154
3745488016.991104	-13.500000	-1.371000E-7	98468271.334792
3745488016.997373	-13.500000	-2.604500E-7	51833365.329238
3745488017.003240	-13.500000	-1.860000E-7	72580645.161290
3745488017.009052	-13.500000	-1.346500E-7	100259933.160045
3745488017.015197	-13.500000	-1.419000E-7	95137420.718816
3745488017.021021	-13.500000	-2.087500E-7	64670658.682635
3745488017.027999	-13.500000	-1.334500E-7	101161483.701761
3745488017.032986	-13.500000	-1.674000E-7	80645161.290323
3745488017.039969	-13.500000	-1.301500E-7	103726469.458317
3745488017.045144	-13.500000	-1.387000E-7	97332372.025955
3745488017.051934	-13.500000	-1.314000E-7	102739726.027397
3745488017.074875	-13.000000	-1.507000E-7	86264100.862641
3745488017.123771	-13.000000	-1.204500E-7	107928601.079286
3745488017.131723	-13.000000	-1.332500E-7	97560975.609756
3745488017.138756	-13.000000	-1.336500E-7	97268986.157875
3745488017.145700	-13.000000	-1.390500E-7	93491549.802229
3745488017.151671	-13.000000	-1.303500E-7	99731492.136555
3745488017.157655	-13.000000	-1.417500E-7	91710758.377425
3745488017.163639	-13.000000	-1.169500E-7	111158614.792646
3745488017.169620	-13.000000	-1.232000E-7	105519480.519481
3745488017.175606	-13.000000	-1.162500E-7	111827956.989247
3745488017.182621	-13.000000	-1.146500E-7	113388573.920628
3745488017.188601	-13.000000	-1.181500E-7	110029623.360135
3745488017.194611	-13.000000	-1.116000E-7	116487455.197133
3745488017.201609	-13.000000	-1.066500E-7	121894045.944679
3745488017.207594	-13.000000	-1.068000E-7	121722846.441948
3745488017.213593	-13.000000	-1.061500E-7	122468205.369760
3745488017.218594	-13.000000	-1.804000E-7	72062084.257206
3745488017.241430	-13.000000	-1.112000E-7	116906474.820144
3745488017.290563	-13.000000	-1.099000E-7	118289353.958144
3745488017.316468	-12.500000	-1.101500E-7	113481615.978212
3745488017.400013	-12.500000	-9.600500E-8	130201552.002500
3745488017.430947	-12.500000	-9.725000E-8	128534704.370180
3745488017.443898	-12.500000	-1.029600E-7	121406371.406371
3745488017.466035	-12.500000	-1.089500E-7	114731528.223956
3745488017.480786	-12.500000	-1.000000E-7	125000000.000000
3745488017.571636	-12.500000	-8.773000E-8	142482617.120711
3745488017.637605	-12.000000	-1.000000E-7	120000000.000000
3745488017.742074	-12.000000	-7.536000E-8	159235668.789809
3745488017.786971	-12.000000	-8.333000E-8	144005760.230409
3745488017.809160	-12.000000	-8.025000E-8	149532710.280374
3745488017.822140	-12.000000	-9.112000E-8	131694468.832309
3745488017.884953	-11.500000	-1.025000E-7	112195121.951220
3745488017.960758	-11.500000	-6.487000E-8	177277632.187452
3745488017.977704	-11.500000	-8.442500E-8	136215575.954990
3745488017.984685	-11.500000	-6.917500E-8	166245030.719190
3745488017.991665	-11.500000	-6.839000E-8	168153238.777599
3745488017.997938	-11.500000	-6.532500E-8	176042862.610027
3745488018.097619	-11.500000	-6.633000E-8	173375546.509875
3745488018.126392	-11.000000	-5.578500E-8	197185623.375459
3745488018.187150	-11.000000	-5.647500E-8	194776449.756529
3745488018.200112	-11.000000	-5.687500E-8	193406593.406593
3745488018.209088	-11.000000	-4.898500E-8	224558538.328060
3745488018.310814	-11.000000	-4.816500E-8	228381604.899824
3745488018.339767	-10.500000	-4.836000E-8	217121588.089330
3745488018.398622	-10.500000	-5.000000E-8	210000000.000000
3745488018.477381	-10.500000	0.000000E+0	-Inf
3745488018.565137	-10.500000	-3.988000E-8	263289869.608826
3745488018.629981	-10.000000	-3.791500E-8	263747857.048661
3745488018.688807	-10.000000	-3.711000E-8	269469145.782808
3745488018.696782	-10.000000	-4.488500E-8	222791578.478334
3745488018.704777	-10.000000	-5.000000E-8	200000000.000000
3745488018.786653	-10.000000	-3.408500E-8	293384186.592343
3745488018.829626	-10.000000	-3.412000E-8	293083235.638921
3745488018.858350	-9.500000	-3.052500E-8	311220311.220311
3745488018.916545	-9.500000	-3.008500E-8	315771979.391723
3745488018.923492	-9.500000	-3.003000E-8	316350316.350316
3745488018.930483	-9.500000	-2.992000E-8	317513368.983957
3745488018.937499	-9.500000	-2.997500E-8	316930775.646372
3745488018.944458	-9.500000	-3.003500E-8	316297652.738472
3745488018.951396	-9.500000	-3.002500E-8	316402997.502082
3745488018.958370	-9.500000	-3.001000E-8	316561146.284572
3745488018.965350	-9.500000	-3.004500E-8	316192378.099517
3745488018.972219	-9.500000	-2.998500E-8	316825079.206270
3745488018.978202	-9.500000	-3.006000E-8	316034597.471723
3745488018.984187	-9.500000	-2.994500E-8	317248288.528970
3745488018.991168	-9.500000	-3.004500E-8	316192378.099517
3745488018.998149	-9.500000	-3.003500E-8	316297652.738472
3745488019.004138	-9.500000	-2.999500E-8	316719453.242207
3745488019.010119	-9.500000	-3.091000E-8	307343901.649952
3745488019.016942	-9.500000	-3.552500E-8	267417311.752287
3745488019.022925	-9.500000	-2.981000E-8	318685005.031869
3745488019.029890	-9.500000	-3.160000E-8	300632911.392405
3745488019.035876	-9.500000	-3.172000E-8	299495586.380832
3745488019.062630	-9.000000	-2.772000E-8	324675324.675325
3745488019.120100	-9.000000	-4.557000E-8	197498354.180382
3745488019.127278	-9.000000	-2.564000E-8	351014040.561622
3745488019.134261	-9.000000	-2.560000E-8	351562500.000000
3745488019.141206	-9.000000	-2.554000E-8	352388410.336727
3745488019.147062	-9.000000	-2.559500E-8	351631177.964446
3745488019.154211	-9.000000	-2.567500E-8	350535540.408958
3745488019.161192	-9.000000	-3.135000E-8	287081339.712919
3745488019.168173	-9.000000	-2.817000E-8	319488817.891374
3745488019.174989	-9.000000	-2.796000E-8	321888412.017167
3745488019.182135	-9.000000	-2.854000E-8	315346881.569727
3745488019.187955	-9.000000	-2.915500E-8	308694906.534042
3745488019.194030	-9.000000	-3.484000E-8	258323765.786452
3745488019.199963	-9.000000	-3.685500E-8	244200244.200244
3745488019.205949	-9.000000	-6.115500E-8	147167034.584253
3745488019.217878	-9.000000	-2.767500E-8	325203252.032520
3745488019.243814	-9.000000	-2.968500E-8	303183425.972713
3745488019.271732	-8.500000	-2.375000E-8	357894736.842105
3745488019.329623	-8.500000	-2.451500E-8	346726493.983276
3745488019.337651	-8.500000	-2.538000E-8	334909377.462569
3745488019.344664	-8.500000	-2.382500E-8	356768100.734523
3745488019.352668	-8.500000	-2.510000E-8	338645418.326693
3745488019.360650	-8.500000	-5.249000E-8	161935606.782244
3745488019.399638	-8.500000	-2.868500E-8	296322119.574691
3745488019.407622	-8.500000	-3.326000E-8	255562236.921227
3745488019.414566	-8.500000	-3.032000E-8	280343007.915567
3745488019.422610	-8.500000	-2.725000E-8	311926605.504587
3745488019.430613	-8.500000	-2.655000E-8	320150659.133710
3745488019.438290	-8.500000	-2.718000E-8	312729948.491538
3745488019.445641	-8.500000	-3.233000E-8	262913702.443551
3745488019.452579	-8.500000	-2.381000E-8	356992860.142797
3745488019.480490	-8.000000	-3.689000E-8	216860937.923557
3745488019.538691	-8.000000	-4.217000E-8	189708323.452691
3745488019.557577	-8.000000	-5.362500E-8	149184149.184149
3745488019.657046	-8.000000	-1.776500E-8	450323670.137912
3745488019.679990	-8.000000	-3.384500E-8	236371694.489585
3745488019.723877	-7.500000	-1.499500E-8	500166722.240747
3745488019.782762	-7.500000	-1.554500E-8	482470247.668060
3745488019.791682	-7.500000	-1.469500E-8	510377679.482817
3745488019.800700	-7.500000	-1.478500E-8	507270882.651336
3745488019.809642	-7.500000	-1.599000E-8	469043151.969981
3745488019.816679	-7.500000	-1.435000E-8	522648083.623693
3745488019.824599	-7.500000	-1.420500E-8	527983104.540655
3745488019.831738	-7.500000	-1.475000E-8	508474576.271186
3745488019.838615	-7.500000	-1.558500E-8	481231953.801732
3745488019.845607	-7.500000	-1.466500E-8	511421752.471872
3745488019.851608	-7.500000	-1.473000E-8	509164969.450102
3745488019.858500	-7.500000	-1.769000E-8	423968343.697004
3745488019.864585	-7.500000	-1.698500E-8	441566087.724463
3745488019.870588	-7.500000	-1.604500E-8	467435338.111561
3745488019.877585	-7.500000	-2.199500E-8	340986587.860877
3745488019.895766	-7.500000	-5.444500E-8	137753696.390853
3745488019.942414	-7.000000	-2.311000E-8	302899177.845089
3745488020.000345	-7.000000	-4.383000E-8	159707962.582706
3745488020.013349	-7.000000	-5.000000E-8	140000000.000000
3745488020.146741	-7.000000	-1.844000E-8	379609544.468547
3745488020.233644	-6.500000	-1.530000E-8	424836601.307190
3745488020.300343	-6.500000	-1.346000E-8	482912332.838039
3745488020.308319	-6.500000	-1.289500E-8	504071345.482745
3745488020.316299	-6.500000	-1.726500E-8	376484216.623226
3745488020.327376	-6.500000	-1.126000E-8	577264653.641208
3745488020.334486	-6.500000	-2.082000E-8	312199807.877041
3745488020.380365	-6.500000	-1.064500E-8	610615312.353217
3745488020.483835	-6.500000	-5.000000E-8	130000000.000000
3745488020.620491	-6.000000	-1.376500E-8	435888122.048674
3745488020.680315	-6.000000	-3.277000E-8	183094293.561184
3745488020.705240	-6.000000	-5.875000E-9	1021276595.744681
3745488020.816945	-6.000000	-6.760500E-9	887508320.390504
3745488020.849850	-5.500000	-5.000000E-8	110000000.000000
3745488020.978507	-5.500000	-8.000000E-9	687500000.000000
3745488021.031618	-5.500000	-6.069500E-9	906170195.238487
3745488021.088551	-5.000000	-2.450500E-4	20403.999184
3745488021.111365	-5.000000	-2.985500E-9	1674761346.508122
3745488021.179970	-5.000000	-2.834500E-9	1763979537.837361
3745488021.185951	-5.000000	-2.639000E-9	1894657067.070860
3745488021.191938	-5.000000	-2.603500E-9	1920491645.861341
3745488021.198917	-5.000000	-2.599000E-9	1923816852.635629
3745488021.204902	-5.000000	-2.595000E-9	1926782273.603083
3745488021.211882	-5.000000	-2.588000E-9	1931993817.619783
3745488021.216872	-5.000000	-2.582500E-9	1936108422.071636
3745488021.223867	-5.000000	-2.578000E-9	1939487975.174554
3745488021.228837	-5.000000	-2.585000E-9	1934235976.789168
3745488021.235818	-5.000000	-2.584500E-9	1934610176.049526
3745488021.242824	-5.000000	-2.572500E-9	1943634596.695821
3745488021.249794	-5.000000	-2.564000E-9	1950078003.120125
3745488021.255764	-5.000000	-2.559500E-9	1953506544.246923
3745488021.263779	-5.000000	-2.561000E-9	1952362358.453729
3745488021.295717	-4.500000	-1.829000E-9	2460360852.925096
3745488021.380442	-4.500000	-1.821000E-9	2471169686.985173
3745488021.392406	-4.500000	-1.813500E-9	2481389578.163772
3745488021.399417	-4.500000	-1.804000E-9	2494456762.749446
3745488021.406480	-4.500000	-1.799000E-9	2501389660.922735
3745488021.413486	-4.500000	-1.787000E-9	2518186905.428092
3745488021.419493	-4.500000	-1.780500E-9	2527379949.452401
3745488021.425311	-4.500000	-1.778500E-9	2530222097.272983
3745488021.432455	-4.500000	-1.779500E-9	2528800224.782242
3745488021.438422	-4.500000	-1.773000E-9	2538071065.989848
3745488021.444407	-4.500000	-1.766500E-9	2547410133.031418
3745488021.450245	-4.500000	-1.764000E-9	2551020408.163265
3745488021.456230	-4.500000	-1.759000E-9	2558271745.309835
3745488021.462365	-4.500000	-1.754500E-9	2564833285.836421
3745488021.468349	-4.500000	-1.752500E-9	2567760342.368045
3745488021.474327	-4.500000	-1.748500E-9	2573634543.894767
3745488021.506106	-4.000000	-1.174000E-9	3407155025.553662
3745488021.589882	-4.000000	-1.167000E-9	3427592116.538132
3745488021.600853	-4.000000	-1.163500E-9	3437902879.243661
3745488021.609822	-4.000000	-1.156500E-9	3458711629.917855
3745488021.617800	-4.000000	-1.154000E-9	3466204506.065858
3745488021.624778	-4.000000	-1.151000E-9	3475238922.675934
3745488021.629765	-4.000000	-1.150000E-9	3478260869.565217
3745488021.635774	-4.000000	-1.145500E-9	3491924923.614142
3745488021.642747	-4.000000	-1.140500E-9	3507233669.443227
3745488021.649773	-4.000000	-1.136000E-9	3521126760.563380
3745488021.656692	-4.000000	-1.137500E-9	3516483516.483516
3745488021.661682	-4.000000	-1.134000E-9	3527336860.670194
3745488021.668674	-4.000000	-1.131000E-9	3536693191.865606
3745488021.673816	-4.000000	-1.132000E-9	3533568904.593639
3745488021.680628	-4.000000	-1.131000E-9	3536693191.865606
3745488021.711611	-3.500000	-7.019500E-10	4986110121.803547
3745488021.811367	-3.500000	-7.006500E-10	4995361450.082067
3745488021.821254	-3.500000	-6.939000E-10	5043954460.296873
3745488021.833233	-3.500000	-6.962000E-10	5027291008.330939
3745488021.840201	-3.500000	-6.923000E-10	5055611729.019212
3745488021.847388	-3.500000	-6.914500E-10	5061826596.283173
3745488021.854502	-3.500000	-6.895000E-10	5076142131.979695
3745488021.861486	-3.500000	-6.902500E-10	5070626584.570807
3745488021.875131	-3.500000	-6.822500E-10	5130084279.956028
3745488021.882380	-3.500000	-6.817000E-10	5134223265.365996
3745488021.889414	-3.500000	-6.833500E-10	5121826296.919587
3745488021.923325	-3.000000	-3.902500E-10	7687379884.689301
3745488022.020719	-3.000000	-3.881500E-10	7728970758.727296
3745488022.026721	-3.000000	-3.858000E-10	7776049766.718507
3745488022.031704	-3.000000	-3.871500E-10	7748934521.503293
3745488022.037682	-3.000000	-3.870000E-10	7751937984.496124
3745488022.045689	-3.000000	-3.851000E-10	7790184367.696702
3745488022.052746	-3.000000	-3.854500E-10	7783110649.889739
3745488022.059644	-3.000000	-3.847500E-10	7797270955.165692
3745488022.066600	-3.000000	-3.850000E-10	7792207792.207792
3745488022.073706	-3.000000	-3.843000E-10	7806401249.024199
3745488022.080558	-3.000000	-3.826500E-10	7840062720.501763
3745488022.086570	-3.000000	-3.822000E-10	7849293563.579278
3745488022.093656	-3.000000	-3.847500E-10	7797270955.165692
3745488022.100792	-3.000000	-3.816500E-10	7860605266.605528
3745488022.135753	-2.500000	-1.857500E-10	13458950201.884253
3745488022.232164	-2.500000	-1.857000E-10	13462574044.157244
3745488022.239136	-2.500000	-1.864000E-10	13412017167.381975
3745488022.245121	-2.500000	-1.891500E-10	13217023526.301878
3745488022.252274	-2.500000	-1.857000E-10	13462574044.157244
3745488022.258175	-2.500000	-1.854000E-10	13484358144.552319
3745488022.265365	-2.500000	-1.878000E-10	13312034078.807243
3745488022.272352	-2.500000	-1.843000E-10	13564839934.888769
3745488022.279029	-2.500000	-1.852500E-10	13495276653.171389
3745488022.286009	-2.500000	-1.860500E-10	13437248051.599033
3745488022.293003	-2.500000	-1.884000E-10	13269639065.817410
3745488022.298976	-2.500000	-1.884500E-10	13266118333.775537
3745488022.305957	-2.500000	-1.876000E-10	13326226012.793177
3745488022.341861	-2.000000	-7.884000E-11	25367833587.011669
3745488022.558283	-2.000000	-7.919500E-11	25254119578.256203
3745488022.591535	-1.500000	-1.505000E-11	99667774086.378738
3745488022.788722	-1.500000	-1.627000E-11	92194222495.390289
3745488022.814614	-1.000000	4.244000E-11	-23562676720.075401
3745488023.026042	-1.000000	4.156500E-11	-24058703235.895584
3745488023.048969	-0.500000	1.338500E-10	-3735524841.240194
3745488023.147784	-0.500000	1.324500E-10	-3775009437.523594
3745488023.155685	-0.500000	1.299500E-10	-3847633705.271258
3745488023.163706	-0.500000	1.305000E-10	-3831417624.521073
3745488023.171642	-0.500000	1.293000E-10	-3866976024.748646
3745488023.180658	-0.500000	1.268000E-10	-3943217665.615142
3745488023.189594	-0.500000	1.202000E-10	-4159733777.038269
3745488023.198575	-0.500000	1.205500E-10	-4147656574.035669
3745488023.205550	-0.500000	1.204000E-10	-4152823920.265781
3745488023.212531	-0.500000	1.192500E-10	-4192872117.400419
3745488023.219512	-0.500000	1.165500E-10	-4290004290.004290
3745488023.226585	-0.500000	1.164500E-10	-4293688278.231000
3745488023.234474	-0.500000	1.154500E-10	-4330879168.471200
3745488023.268452	0.500000	3.571000E-10	1400168020.162420
3745488023.365294	0.500000	3.536000E-10	1414027149.321267
3745488023.371107	0.500000	3.501000E-10	1428163381.890888
3745488023.378098	0.500000	3.456000E-10	1446759259.259259
3745488023.384233	0.500000	3.401500E-10	1469939732.470969
3745488023.390058	0.500000	3.374500E-10	1481700992.739665
3745488023.397039	0.500000	3.348000E-10	1493428912.783751
3745488023.403029	0.500000	3.340500E-10	1496781918.874420
3745488023.410011	0.500000	3.324000E-10	1504211793.020457
3745488023.416151	0.500000	3.293500E-10	1518141794.443601
3745488023.421973	0.500000	3.256000E-10	1535626535.626536
3745488023.428952	0.500000	3.233500E-10	1546312045.770837
3745488023.435935	0.500000	3.233000E-10	1546551190.844417
3745488023.441919	0.500000	3.204000E-10	1560549313.358302
3745488023.477843	1.000000	4.276500E-10	2338360809.072840
3745488023.575561	1.000000	4.262500E-10	2346041055.718475
3745488023.582542	1.000000	4.226500E-10	2366023896.841358
3745488023.590520	1.000000	4.182500E-10	2390914524.805738
3745488023.597725	1.000000	4.151500E-10	2408767915.211370
3745488023.604482	1.000000	4.114000E-10	2430724355.858046
3745488023.611733	1.000000	4.120500E-10	2426889940.541196
3745488023.619763	1.000000	4.096500E-10	2441108263.151471
3745488023.627426	1.000000	4.070500E-10	2456700651.025672
3745488023.635714	1.000000	4.030500E-10	2481081751.643716
3745488023.642406	1.000000	4.005000E-10	2496878901.373283
3745488023.649666	1.000000	3.987000E-10	2508151492.350138
3745488023.684271	1.500000	5.190500E-10	2889895000.481649
3745488023.782033	1.500000	5.176000E-10	2897990726.429676
3745488023.789016	1.500000	5.131500E-10	2923121894.182987
3745488023.796975	1.500000	5.089000E-10	2947533896.639812
3745488023.804161	1.500000	5.063500E-10	2962377801.915671
3745488023.812926	1.500000	5.052500E-10	2968827313.211282
3745488023.819998	1.500000	5.023500E-10	2985965959.988056
3745488023.828888	1.500000	4.980500E-10	3011745808.653750
3745488023.835884	1.500000	4.989000E-10	3006614552.014432
3745488023.843851	1.500000	4.972500E-10	3016591251.885369
3745488023.850846	1.500000	4.926000E-10	3045066991.473812
3745488023.858806	1.500000	4.897000E-10	3063099857.055340
3745488023.893746	2.000000	6.208500E-10	3221390029.797858
3745488023.993459	2.000000	6.159000E-10	3247280402.662770
3745488024.006443	2.000000	6.089000E-10	3284611594.678929
3745488024.018477	2.000000	6.048500E-10	3306604943.374390
3745488024.028350	2.000000	6.006500E-10	3329726130.025805
3745488024.035350	2.000000	5.978500E-10	3345320732.625241
3745488024.042315	2.000000	5.946000E-10	3363605785.401951
3745488024.049365	2.000000	5.913500E-10	3382091823.793016
3745488024.056274	2.000000	5.891000E-10	3395009336.275675
3745488024.063597	2.000000	5.883000E-10	3399626041.135475
3745488024.098524	2.500000	7.331500E-10	3409943394.939644
3745488024.199903	2.500000	7.267500E-10	3439972480.220158
3745488024.212866	2.500000	7.228500E-10	3458532198.934772
3745488024.224841	2.500000	7.161500E-10	3490888780.283461
3745488024.233803	2.500000	7.124000E-10	3509264458.169568
3745488024.240920	2.500000	7.089500E-10	3526341773.044643
3745488024.249770	2.500000	7.051000E-10	3545596369.309318
3745488024.255745	2.500000	7.019000E-10	3561760934.606069
3745488024.262722	2.500000	7.011000E-10	3565825131.935530
3745488024.268730	2.500000	6.990000E-10	3576537911.301860
3745488024.302674	3.000000	8.759500E-10	3424853016.724699
3745488024.404359	3.000000	8.690000E-10	3452243958.573072
3745488024.414373	3.000000	8.689500E-10	3452442603.141723
3745488024.427298	3.000000	8.610500E-10	3484118227.745194
3745488024.435302	3.000000	8.607000E-10	3485535029.627048
3745488024.443355	3.000000	8.580500E-10	3496299749.431851
3745488024.450528	3.000000	8.572500E-10	3499562554.680665
3745488024.457554	3.000000	8.535000E-10	3514938488.576450
3745488024.468569	3.000000	8.492000E-10	3532736693.358455
3745488024.476237	3.000000	8.477000E-10	3538987849.475050
3745488024.511392	3.500000	1.084500E-9	3227293683.725219
3745488024.595841	3.500000	1.080000E-9	3240740740.740741
3745488024.608803	3.500000	1.077000E-9	3249767873.723306
3745488024.621770	3.500000	1.071500E-9	3266448903.406439
3745488024.630739	3.500000	1.069000E-9	3274087932.647334
3745488024.637722	3.500000	1.067500E-9	3278688524.590164
3745488024.644757	3.500000	1.066500E-9	3281762775.433661
3745488024.651722	3.500000	1.070500E-9	3269500233.535731
3745488024.657961	3.500000	1.070000E-9	3271028037.383177
3745488024.664949	3.500000	1.069000E-9	3274087932.647334
3745488024.672702	3.500000	1.060000E-9	3301886792.452830
3745488024.679626	3.500000	1.057000E-9	3311258278.145696
3745488024.685595	3.500000	1.052000E-9	3326996197.718631
3745488024.715703	4.000000	1.546000E-9	2587322121.604140
3745488024.798520	4.000000	1.533500E-9	2608412129.116401
3745488024.807541	4.000000	1.511000E-9	2647253474.520185
3745488024.815490	4.000000	1.502000E-9	2663115845.539281
3745488024.823262	4.000000	1.504000E-9	2659574468.085106
3745488024.831461	4.000000	1.506000E-9	2656042496.679947
3745488024.838444	4.000000	1.501000E-9	2664890073.284477
3745488024.845443	4.000000	1.501000E-9	2664890073.284477
3745488024.852385	4.000000	1.506500E-9	2655160969.133754
3745488024.859386	4.000000	1.524500E-9	2623811085.601837
3745488024.867126	4.000000	1.542500E-9	2593192868.719611
3745488024.873370	4.000000	1.689000E-9	2368265245.707519
3745488024.880233	4.000000	1.756000E-9	2277904328.018223
3745488024.886242	4.000000	1.622500E-9	2465331278.890601
3745488024.892043	4.000000	1.574000E-9	2541296060.991106
3745488024.923610	4.500000	2.174000E-9	2069917203.311867
3745488025.009445	4.500000	2.147500E-9	2095459837.019791
3745488025.019633	4.500000	2.144500E-9	2098391233.387736
3745488025.027668	4.500000	2.164000E-9	2079482439.926063
3745488025.034624	4.500000	2.126500E-9	2116153303.550435
3745488025.041343	4.500000	2.098000E-9	2144899904.671115
3745488025.048674	4.500000	2.100500E-9	2142347060.223756
3745488025.055641	4.500000	2.486000E-9	1810136765.888978
3745488025.062620	4.500000	2.669500E-9	1685708934.257352
3745488025.069618	4.500000	2.513500E-9	1790332206.087129
3745488025.076285	4.500000	2.410500E-9	1866832607.342875
3745488025.082269	4.500000	2.291000E-9	1964207769.532955
3745488025.089598	4.500000	2.222500E-9	2024746906.636670
3745488025.098192	4.500000	2.198500E-9	2046850125.085286
3745488025.129464	5.000000	3.245000E-9	1540832049.306626
3745488025.213888	5.000000	3.320000E-9	1506024096.385542
3745488025.224860	5.000000	3.325000E-9	1503759398.496241
3745488025.233827	5.000000	3.151500E-9	1586546089.163890
3745488025.241064	5.000000	3.141000E-9	1591849729.385546
3745488025.248805	5.000000	3.427500E-9	1458789204.959883
3745488025.255789	5.000000	3.316500E-9	1507613447.911955
3745488025.262784	5.000000	3.148500E-9	1588057805.304113
3745488025.270042	5.000000	3.571500E-9	1399972000.559989
3745488025.276728	5.000000	3.322500E-9	1504890895.410083
3745488025.282738	5.000000	3.509500E-9	1424704373.842428
3745488025.289765	5.000000	3.068500E-9	1629460648.525338
3745488025.296661	5.000000	5.501000E-9	908925649.881840
3745488025.302651	5.000000	6.360000E-9	786163522.012579
3745488025.308628	5.000000	3.590000E-9	1392757660.167131
3745488025.338747	5.500000	3.890500E-9	1413700038.555455
3745488025.423339	5.500000	4.304000E-9	1277881040.892193
3745488025.435385	5.500000	4.138000E-9	1329144514.258096
3745488025.447298	5.500000	4.417500E-9	1245048104.131296
3745488025.454245	5.500000	4.200500E-9	1309367932.389001
3745488025.460258	5.500000	4.126500E-9	1332848661.092936
3745488025.466471	5.500000	4.120000E-9	1334951456.310680
3745488025.473587	5.500000	4.311500E-9	1275658123.622869
3745488025.481169	5.500000	6.713500E-9	819244805.243167
3745488025.548988	5.500000	6.453000E-9	852316751.898342
3745488025.580905	6.000000	7.612000E-9	788229111.928534
3745488025.666727	6.000000	7.589500E-9	790565913.433033
3745488025.679687	6.000000	7.672500E-9	782013685.239492
3745488025.688670	6.000000	7.953000E-9	754432289.701999
3745488025.695657	6.000000	7.995000E-9	750469043.151970
3745488025.702669	6.000000	7.842500E-9	765062161.300606
3745488025.710562	6.000000	7.587000E-9	790826413.602214
3745488025.716577	6.000000	7.601000E-9	789369819.760558
3745488025.722574	6.000000	7.745500E-9	774643341.294945
3745488025.728571	6.000000	8.150000E-9	736196319.018405
3745488025.734567	6.000000	7.953500E-9	754384862.010436
3745488025.740575	6.000000	9.078500E-9	660902131.409374
3745488025.747737	6.000000	8.162000E-9	735113942.661112
3745488025.754577	6.000000	8.191000E-9	732511292.882432
3745488025.785662	6.500000	1.012500E-8	641975308.641975
3745488025.844587	6.500000	1.096000E-8	593065693.430657
3745488025.852565	6.500000	1.075500E-8	604370060.437006
3745488025.860540	6.500000	1.138500E-8	570926657.883180
3745488025.867521	6.500000	1.200500E-8	541441066.222407
3745488025.875499	6.500000	1.535000E-8	423452768.729642
3745488025.882675	6.500000	1.254000E-8	518341307.814992
3745488025.889702	6.500000	1.061500E-8	612341026.848799
3745488025.896543	6.500000	1.037000E-8	626808100.289296
3745488025.902697	6.500000	1.074000E-8	605214152.700186
3745488025.910768	6.500000	1.020500E-8	636942675.159236
3745488025.917742	6.500000	1.009000E-8	644202180.376611
3745488025.924371	6.500000	9.960000E-9	652610441.767068
3745488025.931647	6.500000	1.004000E-8	647410358.565737
3745488025.938601	6.500000	9.910000E-9	655903128.153380
3745488025.945590	6.500000	9.900000E-9	656565656.565657
3745488025.952559	6.500000	9.925000E-9	654911838.790932
3745488025.959291	6.500000	9.980000E-9	651302605.210421
3745488025.987737	7.000000	1.281000E-8	546448087.431694
3745488026.046662	7.000000	1.266500E-8	552704303.197789
3745488026.054664	7.000000	1.257500E-8	556660039.761431
3745488026.062644	7.000000	1.262000E-8	554675118.858954
3745488026.070365	7.000000	1.261000E-8	555114988.104679
3745488026.078337	7.000000	1.274000E-8	549450549.450549
3745488026.084321	7.000000	1.303000E-8	537221795.855718
3745488026.090622	7.000000	1.301000E-8	538047655.649500
3745488026.097594	7.000000	1.328000E-8	527108433.734940
3745488026.104484	7.000000	1.322500E-8	529300567.107750
3745488026.111606	7.000000	1.321500E-8	529701097.237987
3745488026.118519	7.000000	1.315500E-8	532117065.754466
3745488026.125260	7.000000	1.313000E-8	533130236.100533
3745488026.132532	7.000000	1.325000E-8	528301886.792453
3745488026.139468	7.000000	1.337000E-8	523560209.424084
3745488026.146312	7.000000	1.324500E-8	528501321.253303
3745488026.153297	7.000000	1.330500E-8	526118000.751597
3745488026.160275	7.000000	1.324500E-8	528501321.253303
3745488026.167257	7.000000	1.336500E-8	523756079.311635
3745488026.195036	7.500000	1.871500E-8	400748063.051029
3745488026.253889	7.500000	1.922500E-8	390117035.110533
3745488026.261852	7.500000	2.071000E-8	362143891.839691
3745488026.270857	7.500000	1.983000E-8	378214826.021180
3745488026.278801	7.500000	1.963000E-8	382068262.862965
3745488026.286782	7.500000	1.950000E-8	384615384.615385
3745488026.293789	7.500000	1.995500E-8	375845652.718617
3745488026.300764	7.500000	1.937000E-8	387196695.921528
3745488026.307851	7.500000	1.941500E-8	386299253.154777
3745488026.315737	7.500000	1.957000E-8	383239652.529382
3745488026.322970	7.500000	1.959500E-8	382750701.709620
3745488026.330702	7.500000	2.048000E-8	366210937.500000
3745488026.337644	7.500000	2.031500E-8	369185331.036180
3745488026.344632	7.500000	2.008000E-8	373505976.095618
3745488026.351630	7.500000	2.008000E-8	373505976.095618
3745488026.357590	7.500000	2.014000E-8	372393247.269116
3745488026.364573	7.500000	2.163000E-8	346740638.002774
3745488026.370572	7.500000	2.156000E-8	347866419.294991
3745488026.377537	7.500000	2.174000E-8	344986200.551978
3745488026.404718	8.000000	2.722500E-8	293847566.574839
3745488026.463480	8.000000	2.790500E-8	286686973.660634
3745488026.473281	8.000000	2.836000E-8	282087447.108604
3745488026.484262	8.000000	2.942000E-8	271923861.318831
3745488026.493248	8.000000	2.935500E-8	272525975.132005
3745488026.501509	8.000000	2.948000E-8	271370420.624152
3745488026.508193	8.000000	3.035500E-8	263548015.154011
3745488026.514174	8.000000	2.865000E-8	279232111.692845
3745488026.521262	8.000000	2.870000E-8	278745644.599303
3745488026.528249	8.000000	2.995000E-8	267111853.088481
3745488026.535217	8.000000	2.932000E-8	272851296.043656
3745488026.541101	8.000000	2.953500E-8	270865075.334349
3745488026.548184	8.000000	2.939500E-8	272155128.423201
3745488026.554068	8.000000	2.976000E-8	268817204.301075
3745488026.561149	8.000000	3.029500E-8	264069978.544314
3745488026.568131	8.000000	3.190500E-8	250744397.429870
3745488026.575010	8.000000	3.371500E-8	237283108.408720
3745488026.582089	8.000000	3.336000E-8	239808153.477218
3745488026.609918	8.500000	4.557000E-8	186526223.392583
3745488026.668804	8.500000	4.624500E-8	183803654.449130
3745488026.679803	8.500000	5.195000E-8	163618864.292589
3745488026.690757	8.500000	5.768000E-8	147364771.151179
3745488026.699747	8.500000	5.038000E-8	168717745.136959
3745488026.716686	8.500000	5.008000E-8	169728434.504792
3745488026.733710	8.500000	5.156000E-8	164856477.889837
3745488026.740649	8.500000	5.170500E-8	164394159.172227
3745488026.747714	8.500000	5.176000E-8	164219474.497682
3745488026.755690	8.500000	5.713500E-8	148770455.937691
3745488026.763694	8.500000	5.716500E-8	148692381.702090
3745488026.770678	8.500000	5.623500E-8	151151418.155953
3745488026.777539	8.500000	5.283000E-8	160893431.762256
3745488026.784729	8.500000	6.233000E-8	136370928.926681
3745488026.791450	8.500000	5.660000E-8	150176678.445230
3745488026.819659	9.000000	6.831000E-8	131752305.665349
3745488026.878461	9.000000	7.682500E-8	117149365.440937
3745488026.917099	9.000000	7.733500E-8	116376802.224090
3745488026.924305	9.000000	7.756500E-8	116031715.335525
3745488026.933058	9.000000	8.193000E-8	109849871.841816
3745488026.940053	9.000000	8.257500E-8	108991825.613079
3745488026.949014	9.000000	8.407500E-8	107047279.214987
3745488026.954998	9.000000	8.440000E-8	106635071.090047
3745488026.962075	9.000000	8.419000E-8	106901057.132676
3745488026.969057	9.000000	1.333000E-7	67516879.219805
3745488027.000873	9.000000	8.164000E-8	110240078.392945
3745488027.038787	9.500000	1.164000E-7	81615120.274914
3745488027.087641	9.500000	1.427500E-7	66549912.434326
3745488027.093675	9.500000	1.000000E-7	95000000.000000
3745488027.188420	9.500000	1.000000E-7	95000000.000000
3745488027.262175	9.500000	-5.000000E-8	-190000000.000000
3745488027.349938	10.000000	1.122500E-7	89086859.688196
3745488027.399004	10.000000	5.000000E-8	200000000.000000
3745488027.515499	10.000000	1.170000E-7	85470085.470085
3745488027.547716	10.000000	1.202000E-7	83194675.540765
3745488027.571725	10.500000	1.460000E-7	71917808.219178
3745488027.643160	10.500000	1.581000E-7	66413662.239089
3745488027.715961	10.500000	1.610500E-7	65197143.744179
3745488027.786814	10.500000	1.621000E-7	64774830.351635
3745488027.853638	11.000000	1.885000E-7	58355437.665782
3745488027.903609	11.000000	1.933500E-7	56891647.271787
3745488027.912434	11.000000	1.881000E-7	58479532.163743
3745488027.981251	11.000000	1.919000E-7	57321521.625847
3745488028.006207	11.000000	2.096000E-7	52480916.030534
3745488028.054090	11.000000	2.013000E-7	54644808.743169
3745488028.076991	11.500000	2.231500E-7	51534842.034506
3745488028.124864	11.500000	2.224000E-7	51708633.093525
3745488028.130848	11.500000	2.229500E-7	51581071.989235
3745488028.136830	11.500000	2.248500E-7	51145207.916389
3745488028.142815	11.500000	2.211000E-7	52012663.952962
3745488028.148799	11.500000	2.258000E-7	50930026.572188
3745488028.153797	11.500000	2.216000E-7	51895306.859206
3745488028.159772	11.500000	2.203000E-7	52201543.349977
3745488028.164757	11.500000	2.202500E-7	52213393.870602
3745488028.170750	11.500000	2.194500E-7	52403736.614263
3745488028.176726	11.500000	2.197000E-7	52344105.598543
3745488028.182710	11.500000	2.212500E-7	51977401.129944
3745488028.188692	11.500000	2.212500E-7	51977401.129944
3745488028.194678	11.500000	2.224000E-7	51708633.093525
3745488028.200660	11.500000	2.210500E-7	52024428.862248
3745488028.207643	11.500000	2.248500E-7	51145207.916389
3745488028.212656	11.500000	2.284500E-7	50339242.722696
3745488028.218642	11.500000	2.255500E-7	50986477.499446
3745488028.223603	11.500000	2.228000E-7	51615798.922801
3745488028.229586	11.500000	2.206000E-7	52130553.037171
3745488028.235568	11.500000	2.215000E-7	51918735.891648
3745488028.241552	11.500000	2.214500E-7	51930458.342741
3745488028.248533	11.500000	2.229500E-7	51581071.989235
3745488028.254517	11.500000	2.217500E-7	51860202.931229
3745488028.260501	11.500000	2.242000E-7	51293487.957181
3745488028.284436	12.000000	2.508500E-7	47837352.999801
3745488028.331313	12.000000	2.487500E-7	48241206.030151
3745488028.336298	12.000000	2.471500E-7	48553510.014161
3745488028.342282	12.000000	2.496000E-7	48076923.076923
3745488028.347270	12.000000	2.454500E-7	48889794.255449
3745488028.352256	12.000000	2.454500E-7	48889794.255449
3745488028.357242	12.000000	2.497500E-7	48048048.048048
3745488028.363225	12.000000	2.478000E-7	48426150.121065
3745488028.368214	12.000000	2.518000E-7	47656870.532168
3745488028.374197	12.000000	2.525500E-7	47515343.496337
3745488028.380180	12.000000	2.533000E-7	47374654.559810
3745488028.385168	12.000000	2.541500E-7	47216210.899075
3745488028.390155	12.000000	2.527000E-7	47487138.899881
3745488028.396138	12.000000	2.519500E-7	47628497.717801
3745488028.401124	12.000000	2.569000E-7	46710782.405605
3745488028.406111	12.000000	2.468500E-7	48612517.723314
3745488028.411109	12.000000	2.471000E-7	48563334.682315
3745488028.416085	12.000000	2.482000E-7	48348106.365834
3745488028.421071	12.000000	2.469500E-7	48592832.557198
3745488028.427054	12.000000	2.446500E-7	49049662.783568
3745488028.433046	12.000000	2.468500E-7	48612517.723314
3745488028.439024	12.000000	2.488500E-7	48221820.373719
3745488028.445014	12.000000	2.559000E-7	46893317.702227
3745488028.450001	12.000000	2.980000E-7	40268456.375839
3745488028.454988	12.000000	2.424000E-7	49504950.495050
3745488028.459967	12.000000	2.519500E-7	47628497.717801
3745488028.464961	12.000000	2.456500E-7	48849989.822919
3745488028.469940	12.000000	2.416000E-7	49668874.172185
3745488028.493891	12.500000	2.560000E-7	48828125.000000
3745488028.545738	12.500000	2.574000E-7	48562548.562549
3745488028.552719	12.500000	2.584500E-7	48365254.401238
3745488028.557709	12.500000	2.600500E-7	48067679.292444
3745488028.563692	12.500000	2.572000E-7	48600311.041991
3745488028.578706	12.500000	2.564500E-7	48742444.921037
3745488028.585635	12.500000	2.550000E-7	49019607.843137
3745488028.591617	12.500000	2.559000E-7	48847205.939820
3745488028.597639	12.500000	2.544000E-7	49135220.125786
3745488028.604616	12.500000	2.548000E-7	49058084.772370
3745488028.610762	12.500000	2.540500E-7	49202912.812439
3745488028.617748	12.500000	2.538500E-7	49241678.156392
3745488028.624527	12.500000	2.535000E-7	49309664.694280
3745488028.630581	12.500000	2.529500E-7	49416880.806483
3745488028.636580	12.500000	2.540500E-7	49202912.812439
3745488028.642480	12.500000	2.548000E-7	49058084.772370
3745488028.648579	12.500000	2.536500E-7	49280504.632367
3745488028.654582	12.500000	2.531500E-7	49377839.225755
3745488028.660581	12.500000	2.521500E-7	49573666.468372
3745488028.666580	12.500000	2.527000E-7	49465769.687376
3745488028.672459	12.500000	2.529500E-7	49416880.806483
3745488028.678541	12.500000	2.532000E-7	49368088.467615
3745488028.701356	13.000000	2.685000E-7	48417132.216015
3745488028.750381	13.000000	2.762500E-7	47058823.529412
3745488028.762173	13.000000	2.747000E-7	47324353.840553
3745488028.774299	13.000000	2.715000E-7	47882136.279926
3745488028.785145	13.000000	2.697500E-7	48192771.084337
3745488028.798073	13.000000	2.706500E-7	48032514.317384
3745488028.812027	13.000000	2.681000E-7	48489369.638195
3745488028.818186	13.000000	2.686000E-7	48399106.478034
3745488028.824368	13.000000	2.679500E-7	48516514.275051
3745488028.830981	13.000000	2.673000E-7	48634493.078938
3745488028.837957	13.000000	2.678500E-7	48534627.590069
3745488028.843102	13.000000	2.686000E-7	48399106.478034
3745488028.847933	13.000000	2.690000E-7	48327137.546468
3745488028.853915	13.000000	2.668000E-7	48725637.181409
3745488028.859898	13.000000	2.667000E-7	48743907.011624
3745488028.865041	13.000000	2.697000E-7	48201705.598813
3745488028.870870	13.000000	2.684500E-7	48426150.121065
3745488028.876855	13.000000	2.670500E-7	48680022.467703
3745488028.882836	13.000000	2.695000E-7	48237476.808905
3745488028.905778	13.500000	2.804000E-7	48145506.419401
3745488028.953650	13.500000	2.810500E-7	48034157.623199
3745488028.961667	13.500000	2.938500E-7	45941807.044410
3745488028.969645	13.500000	2.852500E-7	47326906.222612
3745488028.977583	13.500000	3.024500E-7	44635476.938337
3745488028.984648	13.500000	2.849500E-7	47376732.760133
3745488028.992547	13.500000	2.814500E-7	47965890.922011
3745488029.000651	13.500000	2.804500E-7	48136922.802639
3745488029.008502	13.500000	2.820500E-7	47863853.926609
3745488029.016685	13.500000	3.019500E-7	44709388.971684
3745488029.023707	13.500000	2.806500E-7	48102618.920363
3745488029.031705	13.500000	2.822000E-7	47838412.473423
3745488029.038658	13.500000	2.740000E-7	49270072.992701
3745488029.045642	13.500000	2.837000E-7	47585477.617201
3745488029.051483	13.500000	2.771000E-7	48718874.052689
3745488029.057686	13.500000	2.767000E-7	48789302.493675
3745488029.064586	13.500000	2.743000E-7	49216186.656945
3745488029.072647	13.500000	2.728500E-7	49477735.019241
3745488029.079346	13.500000	2.724500E-7	49550376.215819
3745488029.084547	13.500000	2.735500E-7	49351124.108938
3745488029.090583	13.500000	2.708500E-7	49843086.579287
3745488029.115224	14.000000	2.880000E-7	48611111.111111
3745488029.163362	14.000000	2.864000E-7	48882681.564246
3745488029.169379	14.000000	2.861000E-7	48933939.182104
3745488029.176054	14.000000	2.850000E-7	49122807.017544
3745488029.182403	14.000000	2.836500E-7	49356601.445443
3745488029.188302	14.000000	2.845000E-7	49209138.840070
3745488029.195363	14.000000	2.843000E-7	49243756.595146
3745488029.201986	14.000000	2.826000E-7	49539985.845718
3745488029.207235	14.000000	2.864000E-7	48882681.564246
3745488029.213260	14.000000	2.828500E-7	49496199.398975
3745488029.219227	14.000000	2.826500E-7	49531222.359809
3745488029.225919	14.000000	2.796500E-7	50062578.222778
3745488029.232903	14.000000	3.026500E-7	46258053.857591
3745488029.239884	14.000000	3.406000E-7	41103934.233705
3745488029.246881	14.000000	2.779000E-7	50377833.753149
3745488029.254845	14.000000	2.779500E-7	50368771.361756
3745488029.260827	14.000000	2.833500E-7	49408858.302453
3745488029.266975	14.000000	2.760000E-7	50724637.681159
3745488029.272808	14.000000	2.884500E-7	48535274.744323
3745488029.278794	14.000000	2.836000E-7	49365303.244006
3745488029.283930	14.000000	3.473000E-7	40310970.342643
3745488029.289750	14.000000	2.749500E-7	50918348.790689
3745488029.294735	14.000000	2.808000E-7	49857549.857550
3745488029.299723	14.000000	2.719500E-7	51480051.480051
3745488029.321662	14.500000	3.134500E-7	46259371.510608
3745488029.370673	14.500000	3.086000E-7	46986390.149060
3745488029.378517	14.500000	2.957500E-7	49027895.181741
3745488029.386666	14.500000	3.256500E-7	44526331.951482
3745488029.393603	14.500000	3.272000E-7	44315403.422983
3745488029.400510	14.500000	4.050000E-7	35802469.135802
3745488029.406497	14.500000	3.064000E-7	47323759.791123
3745488029.412453	14.500000	3.049000E-7	47556575.926533
3745488029.438355	14.500000	3.332000E-7	43517406.962785
3745488029.487226	14.500000	2.777000E-7	52214620.093626
3745488029.495205	14.500000	2.756000E-7	52612481.857765
3745488029.503420	14.500000	2.774000E-7	52271088.680606
3745488029.528320	15.000000	3.417000E-7	43898156.277436
3745488029.576999	15.000000	2.910500E-7	51537536.505755
3745488029.582985	15.000000	3.777500E-7	39708802.117803
3745488029.590947	15.000000	3.286000E-7	45648204.503956
3745488029.596953	15.000000	2.965000E-7	50590219.224283
3745488029.605907	15.000000	2.914000E-7	51475634.866163
3745488029.613059	15.000000	2.946500E-7	50907856.779230
3745488029.621866	15.000000	2.863500E-7	52383446.830801
3745488029.628846	15.000000	2.856000E-7	52521008.403361
3745488029.636820	15.000000	2.893500E-7	51840331.778123
3745488029.642807	15.000000	2.981500E-7	50310246.520208
3745488029.648794	15.000000	2.836000E-7	52891396.332863
3745488029.654773	15.000000	2.837000E-7	52872752.908001
3745488029.659762	15.000000	2.823000E-7	53134962.805526
3745488029.665753	15.000000	2.835500E-7	52900722.976547
3745488029.670740	15.000000	2.806500E-7	53447354.355959
3745488029.676713	15.000000	2.794000E-7	53686471.009306
3745488029.682713	15.000000	2.781500E-7	53927736.832644
3745488029.688687	15.000000	2.774000E-7	54073540.014420
3745488029.694679	15.000000	2.766500E-7	54220133.742997
3745488029.700661	15.000000	2.757000E-7	54406964.091404
3745488029.705658	15.000000	2.771000E-7	54132082.280765
3745488029.711620	15.000000	2.761000E-7	54328141.977544
3745488029.734700	15.500000	2.923500E-7	53018642.038652
3745488029.783674	15.500000	2.932500E-7	52855924.978687
3745488029.791593	15.500000	2.933000E-7	52846914.422093
3745488029.799614	15.500000	2.995500E-7	51744283.091304
3745488029.807387	15.500000	3.011000E-7	51477914.314181
3745488029.815380	15.500000	5.220000E-7	29693486.590038
3745488029.823416	15.500000	2.912000E-7	53228021.978022
3745488029.831502	15.500000	2.907500E-7	53310404.127257
3745488029.838507	15.500000	3.192000E-7	48558897.243108
3745488029.845524	15.500000	3.130500E-7	49512857.371027
3745488029.851630	15.500000	2.862500E-7	54148471.615721
3745488029.857528	15.500000	3.299000E-7	46983934.525614
3745488029.863497	15.500000	2.802500E-7	55307760.927743
3745488029.870575	15.500000	2.908000E-7	53301237.964237
3745488029.877346	15.500000	2.819500E-7	54974286.220961
3745488029.882331	15.500000	2.914500E-7	53182364.041860
3745488029.888315	15.500000	3.011500E-7	51469367.424871
3745488029.894299	15.500000	4.263000E-7	36359371.334741
3745488029.900287	15.500000	3.354500E-7	46206588.165151
3745488029.906256	15.500000	2.845500E-7	54471973.291161
3745488029.912239	15.500000	5.998000E-7	25841947.315772
3745488029.918224	15.500000	3.041000E-7	50970075.633015
3745488029.941025	16.000000	3.156000E-7	50697084.917617
3745488029.989884	16.000000	2.995500E-7	53413453.513604
3745488029.997055	16.000000	3.733000E-7	42860969.729440
3745488030.003849	16.000000	3.195500E-7	50070411.516195
3745488030.010823	16.000000	2.944500E-7	54338597.384955
3745488030.016808	16.000000	3.333500E-7	47997600.119994
3745488030.022795	16.000000	2.986000E-7	53583389.149364
3745488030.028775	16.000000	3.024000E-7	52910052.910053
3745488030.034850	16.000000	3.151000E-7	50777530.942558
3745488030.041739	16.000000	3.100000E-7	51612903.225806
3745488030.048725	16.000000	3.120500E-7	51273834.321423
3745488030.054706	16.000000	3.683000E-7	43442845.506381
3745488030.060688	16.000000	3.382500E-7	47302291.204730
3745488030.066711	16.000000	3.304500E-7	48418822.817370
3745488030.073672	16.000000	2.886500E-7	55430452.104625
3745488030.078679	16.000000	2.982000E-7	53655264.922871
3745488030.085703	16.000000	3.032500E-7	52761747.732894
3745488030.092611	16.000000	3.364000E-7	47562425.683710
3745488030.098770	16.000000	3.443000E-7	46471100.784200
3745488030.104609	16.000000	3.579500E-7	44698980.304512
3745488030.110593	16.000000	3.872000E-7	41322314.049587
3745488030.116598	16.000000	5.188000E-7	30840400.925212
3745488030.122586	16.000000	3.422000E-7	46756282.875511
3745488030.145771	16.500000	3.907500E-7	42226487.523992
3745488030.193631	16.500000	3.302000E-7	49969715.324046
3745488030.200606	16.500000	3.131500E-7	52690403.959764
3745488030.206655	16.500000	3.382000E-7	48787699.586044
3745488030.213642	16.500000	3.273000E-7	50412465.627864
3745488030.219270	16.500000	3.455500E-7	47749963.825785
3745488030.225420	16.500000	3.406500E-7	48436811.977103
3745488030.231406	16.500000	3.260500E-7	50605735.316669
3745488030.237377	16.500000	3.083500E-7	53510621.047511
3745488030.243364	16.500000	3.804000E-7	43375394.321767
3745488030.249346	16.500000	2.886000E-7	57172557.172557
3745488030.255329	16.500000	2.856500E-7	57762996.674252
3745488030.261315	16.500000	2.866000E-7	57571528.262387
3745488030.267299	16.500000	2.954500E-7	55847013.030970
3745488030.273283	16.500000	2.861500E-7	57662065.350341
3745488030.279265	16.500000	2.889500E-7	57103305.070081
3745488030.284255	16.500000	2.943000E-7	56065239.551478
3745488030.290237	16.500000	2.904000E-7	56818181.818182
3745488030.296223	16.500000	2.991500E-7	55156276.115661
3745488030.302207	16.500000	2.916500E-7	56574661.409223
3745488030.307030	16.500000	3.190000E-7	51724137.931034
3745488030.313175	16.500000	2.979500E-7	55378419.197852
3745488030.319161	16.500000	3.562000E-7	46322290.847838
3745488030.325978	16.500000	2.953000E-7	55875380.968507
3745488030.348917	17.000000	3.462000E-7	49104563.835933
3745488030.396791	17.000000	3.075000E-7	55284552.845528
3745488030.403790	17.000000	3.150000E-7	53968253.968254
3745488030.412768	17.000000	3.204500E-7	53050397.877984
3745488030.419730	17.000000	3.047500E-7	55783429.040197
3745488030.427783	17.000000	3.038500E-7	55948658.877736
3745488030.435687	17.000000	3.001000E-7	56647784.071976
3745488030.442680	17.000000	3.106500E-7	54723965.877998
3745488030.450645	17.000000	3.044000E-7	55847568.988173
3745488030.457648	17.000000	3.096000E-7	54909560.723514
3745488030.465605	17.000000	3.245500E-7	52380218.764443
3745488030.472682	17.000000	3.113500E-7	54600931.427654
3745488030.480565	17.000000	2.974000E-7	57162071.284465
3745488030.487569	17.000000	2.977000E-7	57104467.584817
3745488030.493538	17.000000	2.987500E-7	56903765.690377
3745488030.499565	17.000000	3.073500E-7	55311534.081666
3745488030.505544	17.000000	3.086000E-7	55087491.898898
3745488030.511536	17.000000	3.127500E-7	54356514.788169
3745488030.517533	17.000000	3.427000E-7	49606069.448497
3745488030.523536	17.000000	3.001000E-7	56647784.071976
3745488030.529534	17.000000	3.208000E-7	52992518.703242
3745488030.552670	17.500000	3.262500E-7	53639846.743295
3745488030.601483	17.500000	3.284000E-7	53288672.350792
3745488030.609239	17.500000	3.559500E-7	49164208.456244
3745488030.617371	17.500000	3.654500E-7	47886167.738405
3745488030.625198	17.500000	6.643500E-7	26341536.840521
3745488030.633163	17.500000	6.642500E-7	26345502.446368
3745488030.640173	17.500000	3.723000E-7	47005103.411228
3745488030.707001	17.500000	3.253000E-7	53796495.542576
3745488030.713943	17.500000	3.330500E-7	52544662.963519
3745488030.722923	17.500000	3.021500E-7	57918252.523581
3745488030.729907	17.500000	3.127000E-7	55964182.922929
3745488030.738877	17.500000	3.027000E-7	57813016.187645
3745488030.763807	18.000000	3.232500E-7	55684454.756381
3745488030.812757	18.000000	3.345500E-7	53803616.798685
3745488030.820658	18.000000	3.284000E-7	54811205.846529
3745488030.826675	18.000000	3.347000E-7	53779504.033463
3745488030.834619	18.000000	3.322500E-7	54176072.234763
3745488030.842616	18.000000	3.383000E-7	53207212.533255
3745488030.850575	18.000000	3.496500E-7	51480051.480051
3745488030.858553	18.000000	4.504500E-7	39960039.960040
3745488030.865665	18.000000	3.378000E-7	53285968.028419
3745488030.872662	18.000000	3.806500E-7	47287534.480494
3745488030.879655	18.000000	3.815000E-7	47182175.622543
3745488030.886738	18.000000	3.899500E-7	46159764.072317
3745488030.893742	18.000000	4.114500E-7	43747721.472840
3745488030.900725	18.000000	3.805500E-7	47299960.583366
3745488030.907439	18.000000	4.752000E-7	37878787.878788
3745488030.913770	18.000000	4.104500E-7	43854306.249239
3745488030.920676	18.000000	3.442000E-7	52295177.222545
3745488030.927716	18.000000	3.576000E-7	50335570.469799
3745488030.934527	18.000000	3.569000E-7	50434295.320818
3745488030.940500	18.000000	3.770500E-7	47739026.654290
3745488030.946475	18.000000	4.120500E-7	43684018.929742
3745488030.968597	18.500000	3.342000E-7	55356074.207062
3745488031.017382	18.500000	3.396500E-7	54467834.535551
3745488031.024117	18.500000	4.607500E-7	40151926.207271
3745488031.032265	18.500000	3.380500E-7	54725632.302914
3745488031.040302	18.500000	3.588000E-7	51560758.082497
3745488031.049049	18.500000	3.815000E-7	48492791.612058
3745488031.057023	18.500000	4.045500E-7	45729823.260413
3745488031.065005	18.500000	3.852500E-7	48020765.736535
3745488031.071986	18.500000	4.024500E-7	45968443.284880
3745488031.077966	18.500000	3.626000E-7	51020408.163265
3745488031.082952	18.500000	3.410500E-7	54244245.711772
3745488031.087940	18.500000	3.480500E-7	53153282.574343
3745488031.094939	18.500000	3.747000E-7	49372831.598612
3745488031.102901	18.500000	4.153000E-7	44546111.244883
3745488031.109881	18.500000	3.716000E-7	49784714.747040
3745488031.117861	18.500000	4.482000E-7	41276215.975011
3745488031.124259	18.500000	3.557000E-7	52010120.888389
3745488031.131845	18.500000	3.799500E-7	48690617.186472
3745488031.138803	18.500000	4.114500E-7	44962935.958197
3745488031.143937	18.500000	7.104000E-7	26041666.666667
3745488031.149790	18.500000	3.443000E-7	53732210.281731
3745488031.172765	19.000000	5.209500E-7	36471830.310011
3745488031.221583	19.000000	4.133000E-7	45971449.310428
3745488031.227715	19.000000	4.144000E-7	45849420.849421
3745488031.234693	19.000000	3.813000E-7	49829530.553370
3745488031.241561	19.000000	3.987000E-7	47654878.354653
3745488031.247572	19.000000	4.501000E-7	42212841.590758
3745488031.253571	19.000000	4.350500E-7	43673141.018274
3745488031.259481	19.000000	4.432000E-7	42870036.101083
3745488031.264575	19.000000	3.565500E-7	53288458.841677
3745488031.269571	19.000000	4.205000E-7	45184304.399524
3745488031.274450	19.000000	4.484000E-7	42372881.355932
3745488031.280574	19.000000	4.006000E-7	47428856.714928
3745488031.285581	19.000000	3.937500E-7	48253968.253968
3745488031.290424	19.000000	4.055500E-7	46849956.848724
3745488031.296533	19.000000	4.002500E-7	47470331.043098
3745488031.302516	19.000000	3.910500E-7	48587137.194732
3745488031.308525	19.000000	4.049000E-7	46925166.707829
3745488031.314480	19.000000	3.488500E-7	54464669.628780
3745488031.320462	19.000000	3.395500E-7	55956412.899426
3745488031.326452	19.000000	3.339500E-7	56894744.722264
3745488031.332433	19.000000	3.356000E-7	56615017.878427
3745488031.337422	19.000000	3.345500E-7	56792706.620834
3745488031.343405	19.000000	3.423500E-7	55498758.580400
3745488031.348391	19.000000	3.402000E-7	55849500.293945
3745488031.354385	19.000000	3.414000E-7	55653192.735794
3745488031.377323	19.500000	3.712500E-7	52525252.525253
3745488031.427039	19.500000	3.561000E-7	54759898.904802
3745488031.435056	19.500000	3.593000E-7	54272195.936543
3745488031.444990	19.500000	3.767000E-7	51765330.501726
3745488031.452973	19.500000	3.838000E-7	50807712.350182
3745488031.461943	19.500000	3.840500E-7	50774638.718917
3745488031.468928	19.500000	4.012500E-7	48598130.841121
3745488031.474908	19.500000	4.364500E-7	44678657.349066
3745488031.481885	19.500000	3.610000E-7	54016620.498615
3745488031.487870	19.500000	3.675000E-7	53061224.489796
3745488031.493855	19.500000	3.871500E-7	50368074.389771
3745488031.498984	19.500000	3.620000E-7	53867403.314917
3745488031.505838	19.500000	3.541000E-7	55069189.494493
3745488031.510953	19.500000	3.597000E-7	54211843.202669
3745488031.516794	19.500000	3.637000E-7	53615617.266978
3745488031.522778	19.500000	3.594000E-7	54257095.158598
3745488031.527909	19.500000	3.550000E-7	54929577.464789
3745488031.533748	19.500000	3.575500E-7	54537826.877360
3745488031.538733	19.500000	3.615000E-7	53941908.713693
3745488031.544718	19.500000	3.749500E-7	52006934.257901
3745488031.549704	19.500000	3.925500E-7	49675200.611387
3745488031.553694	19.500000	3.651000E-7	53410024.650781
3745488031.560676	19.500000	4.990500E-7	39074241.058010
3745488031.583618	20.000000	4.042000E-7	49480455.220188
3745488031.632672	20.000000	4.750500E-7	42100831.491422
3745488031.640461	20.000000	5.043000E-7	39658933.174698
3745488031.647637	20.000000	5.162000E-7	38744672.607516
3745488031.655422	20.000000	5.356000E-7	37341299.477222
3745488031.662403	20.000000	5.009000E-7	39928129.367139
3745488031.668415	20.000000	5.021500E-7	39828736.433337
3745488031.674374	20.000000	5.057000E-7	39549139.806209
3745488031.680472	20.000000	3.962000E-7	50479555.779909
3745488031.687716	20.000000	4.881000E-7	40975209.997951
3745488031.694715	20.000000	5.269500E-7	37954265.110542
3745488031.700461	20.000000	5.596500E-7	35736621.102475
3745488031.706481	20.000000	4.668500E-7	42840312.734283
3745488031.712434	20.000000	4.565000E-7	43811610.076670
3745488031.718409	20.000000	5.940500E-7	33667199.730662
3745488031.723406	20.000000	5.545000E-7	36068530.207394
3745488031.729390	20.000000	5.573000E-7	35887313.834559
3745488031.735373	20.000000	6.594500E-7	30328303.889605
3745488031.740367	20.000000	4.573500E-7	43730184.760031
3745488031.746342	20.000000	4.309000E-7	46414481.318171
3745488031.752328	20.000000	4.135500E-7	48361745.859026
3745488031.758240	20.000000	6.355500E-7	31468806.545512
3745488031.783357	20.000000	3.948500E-7	50652146.384703
