3745488014.05074	-20.000	-0.0000014135	14149274.84966	
3745488014.08961	-20.000	-0.0000013510	14803849.00074	
3745488014.09658	-20.000	-0.0000014110	14174344.43657	
3745488014.10463	-20.000	-0.0000015025	13311148.08652	
3745488014.11260	-20.000	-0.0000016695	11979634.62114	
3745488014.11927	-20.000	-0.0000013270	15071590.05275	
3745488014.12725	-20.000	-0.0000014250	14035087.71930	
3745488014.13434	-20.000	-0.0000012510	15987210.23181	
3745488014.14131	-20.000	-0.0000014490	13802622.49827	
3745488014.14829	-20.000	-0.0000015050	13289036.54485	
3745488014.15528	-20.000	-0.0000013810	14482259.23244	
3745488014.16226	-20.000	-0.0000013085	15284677.11120	
3745488014.16924	-20.000	-0.0000012515	15980823.01239	
3745488014.17611	-20.000	-0.0000016465	12146978.43911	
3745488014.18320	-20.000	-0.0000011730	17050298.38022	
3745488014.19018	-20.000	-0.0000012860	15552099.53344	
3745488014.19717	-20.000	-0.0000013025	15355086.37236	
3745488014.20414	-20.000	-0.0000010745	18613308.51559	
3745488014.21113	-20.000	-0.0000012975	15414258.18882	
3745488014.21811	-20.000	-0.0000012210	16380016.38002	
3745488014.22509	-20.000	-0.0000012825	15594541.91033	
3745488014.23207	-20.000	-0.0000012750	15686274.50980	
3745488014.23796	-20.000	-0.0000015870	12602394.45495	
3745488014.25889	-19.500	-0.0000009305	20956475.01343	
3745488014.29779	-19.500	-0.0000009925	19647355.16373	
3745488014.30490	-19.500	-0.0000010035	19431988.04185	
3745488014.31275	-19.500	-0.0000008845	22046353.87224	
3745488014.35170	-19.500	-0.0000010230	19061583.57771	
3745488014.35865	-19.500	-0.0000010382	18782508.18725	
3745488014.39770	-19.500	-0.0000007448	26179767.73847	
3745488014.44940	-19.500	-0.0000008130	23983764.83611	
3745488014.47740	-19.000	-0.0000008790	21615472.12742	
3745488014.54365	-19.000	-0.0000010386	18292976.45983	
3745488014.58062	-19.000	-0.0000008366	22709615.72940	
3745488014.63064	-19.000	-0.0000006354	29900070.81596	
3745488014.63845	-19.000	-0.0000006616	28718258.76663	
3745488014.64766	-19.000	-0.0000008044	23620089.50771	
3745488014.65541	-19.000	-0.0000007429	25575447.57033	
3745488014.66366	-19.000	-0.0000007805	24343369.63485	
3745488014.68862	-18.500	-0.0000008207	22541732.66724	
3745488014.73746	-18.500	-0.0000007773	23800334.49119	
3745488014.74545	-18.500	-0.0000007116	25995924.96311	
3745488014.75126	-18.500	-0.0000007563	24461192.64842	
3745488014.75821	-18.500	-0.0000005865	31543052.00341	
3745488014.76420	-18.500	-0.0000006420	28813955.29943	
3745488014.77018	-18.500	-0.0000005897	31374544.22115	
3745488014.77709	-18.500	-0.0000006611	27985780.19817	
3745488014.78306	-18.500	-0.0000006334	29207451.84717	
3745488014.78906	-18.500	-0.0000006151	30078855.37761	
3745488014.79503	-18.500	-0.0000005867	31532299.30118	
3745488014.80110	-18.500	-0.0000006984	26487221.70520	
3745488014.80708	-18.500	-0.0000006600	28030303.03030	
3745488014.81310	-18.500	-0.0000006555	28224883.66771	
3745488014.81908	-18.500	-0.0000007293	25366790.07267	
3745488014.82506	-18.500	-0.0000006814	27151977.69135	
3745488014.83193	-18.500	-0.0000006632	27892951.37580	
3745488014.83791	-18.500	-0.0000006094	30360219.90646	
3745488014.84301	-18.500	-0.0000006875	26909090.90909	
3745488014.84988	-18.500	-0.0000006787	27257993.22234	
3745488014.85586	-18.500	-0.0000007579	24409552.71144	
3745488014.86085	-18.500	-0.0000006772	27320386.91575	
3745488014.86683	-18.500	-0.0000007007	26402169.25931	
3745488014.87184	-18.500	-0.0000006400	28908508.47722	
3745488014.89476	-18.000	-0.0000005264	34191281.22329	
3745488014.94263	-18.000	-0.0000004683	38436899.42345	
3745488014.94863	-18.000	-0.0000004885	36843721.21584	
3745488014.95462	-18.000	-0.0000005175	34785969.65890	
3745488014.96162	-18.000	-0.0000004801	37492189.12727	
3745488014.96962	-18.000	-0.0000005005	35967629.13378	
3745488014.97754	-18.000	-0.0000005365	33550792.17148	
3745488014.98452	-18.000	-0.0000005681	31684562.57701	
3745488014.98951	-18.000	-0.0000005587	32220531.63877	
3745488014.99450	-18.000	-0.0000005718	31479538.30010	
3745488014.99948	-18.000	-0.0000007160	25139664.80447	
3745488015.00447	-18.000	-0.0000005508	32679738.56209	
3745488015.01175	-18.000	-0.0000005804	31010422.94771	
3745488015.01875	-18.000	-0.0000005137	35036496.35036	
3745488015.02541	-18.000	-0.0000005717	31485044.60381	
3745488015.03175	-18.000	-0.0000005254	34259611.72440	
3745488015.03873	-18.000	-0.0000005120	35156250.00000	
3745488015.04470	-18.000	-0.0000005506	32688640.69736	
3745488015.06959	-18.000	-0.0000004401	40895149.38089	
3745488015.11717	-18.000	-0.0000005143	34999027.80478	
3745488015.14011	-17.500	-0.0000005617	31152647.97508	
3745488015.18826	-17.500	-0.0000004541	38533524.16602	
3745488015.19399	-17.500	-0.0000004697	37257824.14307	
3745488015.19895	-17.500	-0.0000004478	39084310.44109	
3745488015.20393	-17.500	-0.0000004134	42331881.95452	
3745488015.20892	-17.500	-0.0000004990	35073654.67482	
3745488015.21494	-17.500	-0.0000005279	33150217.84429	
3745488015.21989	-17.500	-0.0000006012	29108449.76713	
3745488015.22587	-17.500	-0.0000005507	31777737.42510	
3745488015.23186	-17.500	-0.0000006906	25340283.81118	
3745488015.23784	-17.500	-0.0000005275	33178500.33179	
3745488015.24383	-17.500	-0.0000005075	34486156.27155	
3745488015.24882	-17.500	-0.0000005147	34003691.82940	
3745488015.25484	-17.500	-0.0000005574	31398582.57827	
3745488015.26082	-17.500	-0.0000005830	30017152.65866	
3745488015.26577	-17.500	-0.0000006741	25962465.69246	
3745488015.27076	-17.500	-0.0000005189	33728437.89149	
3745488015.34074	-17.500	-0.0000004359	40146822.66575	
3745488015.36478	-17.000	-0.0000004040	42084416.38817	
3745488015.41237	-17.000	-0.0000005155	32977691.56159	
3745488015.41736	-17.000	-0.0000003466	49040819.27016	
3745488015.42335	-17.000	-0.0000003609	47110987.94513	
3745488015.42965	-17.000	-0.0000003771	45080880.40308	
3745488015.43667	-17.000	-0.0000003393	50095771.32754	
3745488015.44230	-17.000	-0.0000003352	50715990.45346	
3745488015.44864	-17.000	-0.0000003780	44979494.64215	
3745488015.45559	-17.000	-0.0000003885	43763676.14880	
3745488015.46141	-17.000	-0.0000004493	37836634.76519	
3745488015.46638	-17.000	-0.0000003972	42794210.19509	
3745488015.47122	-17.000	-0.0000005133	33122260.10716	
3745488015.47736	-17.000	-0.0000004870	34904013.96161	
3745488015.48334	-17.000	-0.0000006348	26780088.21676	
3745488015.48932	-17.000	-0.0000003781	44955705.40791	
3745488015.49531	-17.000	-0.0000003943	43108913.40180	
3745488015.50129	-17.000	-0.0000004408	38566243.19419	
3745488015.50728	-17.000	-0.0000003521	48274882.86242	
3745488015.51326	-17.000	-0.0000004412	38531278.33182	
3745488015.51924	-17.000	-0.0000003979	42724302.58859	
3745488015.52524	-17.000	-0.0000004319	39360963.18592	
3745488015.53122	-17.000	-0.0000004329	39274575.48804	
3745488015.53721	-17.000	-0.0000004130	41162227.60291	
3745488015.54318	-17.000	-0.0000005916	28733203.75222	
3745488015.54916	-17.000	-0.0000003366	50497549.38363	
3745488015.57232	-16.500	-0.0000003561	46335299.07329	
3745488015.62182	-16.500	-0.0000003237	50980997.99166	
3745488015.62881	-16.500	-0.0000003373	48910626.94531	
3745488015.63578	-16.500	-0.0000002976	55443548.38710	
3745488015.64277	-16.500	-0.0000003485	47345767.57532	
3745488015.64875	-16.500	-0.0000004275	38591977.54649	
3745488015.65573	-16.500	-0.0000004706	35057898.65080	
3745488015.66171	-16.500	-0.0000002857	57762996.67425	
3745488015.66869	-16.500	-0.0000002907	56759545.92363	
3745488015.67567	-16.500	-0.0000003332	49512378.09452	
3745488015.68266	-16.500	-0.0000003156	52281368.82129	
3745488015.68965	-16.500	-0.0000003350	49261083.74384	
3745488015.69572	-16.500	-0.0000004393	37564029.59590	
3745488015.70276	-16.500	-0.0000004616	35745233.96880	
3745488015.71072	-16.500	-0.0000004990	33069445.83626	
3745488015.71756	-16.500	-0.0000002841	58078141.49947	
3745488015.72471	-16.500	-0.0000003533	46702519.10558	
3745488015.73177	-16.500	-0.0000003893	42378322.84577	
3745488015.73872	-16.500	-0.0000004056	40680473.37278	
3745488015.74475	-16.500	-0.0000002964	55658627.08720	
3745488015.75073	-16.500	-0.0000003531	46735589.85979	
3745488015.75776	-16.500	-0.0000002907	56749785.03869	
3745488015.78171	-16.000	-0.0000002592	61728395.06173	
3745488015.83062	-16.000	-0.0000002566	62366010.52426	
3745488015.83655	-16.000	-0.0000003080	51948051.94805	
3745488015.84225	-16.000	-0.0000002554	62634566.45136	
3745488015.84852	-16.000	-0.0000002765	57876650.38886	
3745488015.85457	-16.000	-0.0000002658	60206961.42992	
3745488015.86035	-16.000	-0.0000002875	55652173.91304	
3745488015.86653	-16.000	-0.0000003300	48492195.78724	
3745488015.87244	-16.000	-0.0000003409	46927702.00909	
3745488015.87914	-16.000	-0.0000003212	49813200.49813	
3745488015.88543	-16.000	-0.0000003860	41445408.62583	
3745488015.89139	-16.000	-0.0000003262	49042145.59387	
3745488015.89844	-16.000	-0.0000003831	41759102.17930	
3745488015.90508	-16.000	-0.0000002841	56318197.81767	
3745488015.91141	-16.000	-0.0000002887	55411255.41126	
3745488015.91802	-16.000	-0.0000002649	60400151.00038	
3745488015.92500	-16.000	-0.0000002852	56091148.11569	
3745488015.93126	-16.000	-0.0000003328	48084147.25770	
3745488015.93732	-16.000	-0.0000002723	58747934.64292	
3745488015.94428	-16.000	-0.0000002843	56278578.96588	
3745488015.95096	-16.000	-0.0000003049	52476221.71204	
3745488015.95724	-16.000	-0.0000003566	44868199.66349	
3745488015.96308	-16.000	-0.0000003238	49420849.42085	
3745488015.98685	-15.500	-0.0000004067	38111630.19425	
3745488016.03473	-15.500	-0.0000003569	43429532.08182	
3745488016.04269	-15.500	-0.0000002437	63589743.58974	
3745488016.04875	-15.500	-0.0000002486	62349155.26951	
3745488016.05669	-15.500	-0.0000002207	70246997.50736	
3745488016.06375	-15.500	-0.0000002449	63278220.04491	
3745488016.07062	-15.500	-0.0000002613	59307442.12742	
3745488016.07660	-15.500	-0.0000003065	50570962.47961	
3745488016.08159	-15.500	-0.0000002799	55386814.36484	
3745488016.08758	-15.500	-0.0000003239	47846889.95215	
3745488016.09256	-15.500	-0.0000003169	48911328.49479	
3745488016.09856	-15.500	-0.0000003501	44266742.82450	
3745488016.10456	-15.500	-0.0000004668	33201242.36907	
3745488016.11051	-15.500	-0.0000003319	46700813.49804	
3745488016.11656	-15.500	-0.0000002971	52170986.19993	
3745488016.12256	-15.500	-0.0000003395	45648652.62848	
3745488016.12846	-15.500	-0.0000002812	55120910.38407	
3745488016.13456	-15.500	-0.0000002617	59228123.80588	
3745488016.13956	-15.500	-0.0000003090	50161812.29773	
3745488016.14556	-15.500	-0.0000004323	35854730.51122	
3745488016.15160	-15.500	-0.0000003707	41818427.08755	
3745488016.15761	-15.500	-0.0000003976	38983903.42052	
3745488016.16357	-15.500	-0.0000003689	42016806.72269	
3745488016.16860	-15.500	-0.0000006941	22331076.21380	
3745488016.19175	-15.000	-0.0000002379	63064956.90561	
3745488016.24070	-15.000	-0.0000002464	60864272.67194	
3745488016.24768	-15.000	-0.0000002655	56486537.37526	
3745488016.25363	-15.000	-0.0000002952	50813008.13008	
3745488016.26048	-15.000	-0.0000002711	55319933.61608	
3745488016.26646	-15.000	-0.0000002461	60963218.85796	
3745488016.27244	-15.000	-0.0000002582	58105752.46949	
3745488016.27843	-15.000	-0.0000002526	59394179.37042	
3745488016.28325	-15.000	-0.0000002184	68681318.68132	
3745488016.28941	-15.000	-0.0000002305	65075921.90889	
3745488016.29539	-15.000	-0.0000002531	59276822.76230	
3745488016.30137	-15.000	-0.0000002877	52137643.37852	
3745488016.30736	-15.000	-0.0000002324	64530006.45300	
3745488016.31334	-15.000	-0.0000002736	54834582.34326	
3745488016.31816	-15.000	-0.0000002858	52475074.33969	
3745488016.32431	-15.000	-0.0000002953	50804403.04826	
3745488016.33030	-15.000	-0.0000002491	60204695.96629	
3745488016.33622	-15.000	-0.0000002721	55136923.35968	
3745488016.34209	-15.000	-0.0000002523	59453032.10464	
3745488016.34825	-15.000	-0.0000002645	56710775.04726	
3745488016.35423	-15.000	-0.0000002774	54063795.27843	
3745488016.36021	-15.000	-0.0000002789	53782717.82001	
3745488016.36619	-15.000	-0.0000002542	58997050.14749	
3745488016.37101	-15.000	-0.0000002982	50301810.86519	
3745488016.37799	-15.000	-0.0000003334	44997750.11249	
3745488016.40094	-14.500	-0.0000003836	37804719.07183	
3745488016.44967	-14.500	-0.0000002293	63235935.45573	
3745488016.45752	-14.500	-0.0000003328	43569711.53846	
3745488016.46463	-14.500	-0.0000004067	35652815.34300	
3745488016.47168	-14.500	-0.0000002433	59609455.29291	
3745488016.47860	-14.500	-0.0000002472	58645096.05662	
3745488016.48566	-14.500	-0.0000003660	39622899.30318	
3745488016.49243	-14.500	-0.0000003564	40678917.09917	
3745488016.49865	-14.500	-0.0000002029	71463775.25875	
3745488016.50568	-14.500	-0.0000001924	75363825.36383	
3745488016.51239	-14.500	-0.0000002221	65271213.14427	
3745488016.51967	-14.500	-0.0000003003	48285048.28505	
3745488016.52636	-14.500	-0.0000002705	53594529.66180	
3745488016.53332	-14.500	-0.0000001968	73678861.78862	
3745488016.53959	-14.500	-0.0000001773	81782289.90412	
3745488016.54557	-14.500	-0.0000002773	52299368.80072	
3745488016.55244	-14.500	-0.0000001964	73828920.57026	
3745488016.55862	-14.500	-0.0000002435	59548254.62012	
3745488016.56454	-14.500	-0.0000002649	54737636.84409	
3745488016.57041	-14.500	-0.0000002102	68981921.97907	
3745488016.59747	-14.500	-0.0000004110	35284097.82212	
3745488016.66397	-14.000	-0.0000002349	59599829.71477	
3745488016.71585	-14.000	-0.0000003212	43579766.53696	
3745488016.72780	-14.000	-0.0000003406	41109969.16752	
3745488016.73778	-14.000	-0.0000002815	49742405.40060	
3745488016.74576	-14.000	-0.0000003335	41979010.49475	
3745488016.75174	-14.000	-0.0000003076	45521053.48724	
3745488016.75872	-14.000	-0.0000002509	55799123.15664	
3745488016.76576	-14.000	-0.0000004177	33516878.14221	
3745488016.77274	-14.000	-0.0000003224	43431053.20304	
3745488016.77972	-14.000	-0.0000002454	57061340.94151	
3745488016.78575	-14.000	-0.0000002337	59905862.21652	
3745488016.79184	-14.000	-0.0000001620	86393088.55292	
3745488016.79861	-14.000	-0.0000002519	55566580.67077	
3745488016.80460	-14.000	-0.0000001696	82522841.14353	
3745488016.81060	-14.000	-0.0000002513	55710306.40669	
3745488016.81660	-14.000	-0.0000002180	64205457.46388	
3745488016.82261	-14.000	-0.0000002549	54912727.98588	
3745488016.82860	-14.000	-0.0000002945	47538200.33956	
3745488016.83460	-14.000	-0.0000004109	34071550.25554	
3745488016.84060	-14.000	-0.0000002527	55401662.04986	
3745488016.84660	-14.000	-0.0000002460	56922138.64607	
3745488016.86974	-13.500	-0.0000001675	80597014.92537	
3745488016.91859	-13.500	-0.0000002210	61099796.33401	
3745488016.92656	-13.500	-0.0000001788	75524475.52448	
3745488016.93346	-13.500	-0.0000001538	87804878.04878	
3745488016.94036	-13.500	-0.0000002273	59392872.85526	
3745488016.94722	-13.500	-0.0000001732	77967080.56598	
3745488016.95230	-13.500	-0.0000001614	83643122.67658	
3745488016.95819	-13.500	-0.0000002032	66420664.20664	
3745488016.96533	-13.500	-0.0000002147	62893081.76101	
3745488016.97152	-13.500	-0.0000001517	88991430.45485	
3745488016.97713	-13.500	-0.0000002094	64469914.04011	
3745488016.98446	-13.500	-0.0000001300	103846153.84615	
3745488016.99110	-13.500	-0.0000001371	98468271.33479	
3745488016.99737	-13.500	-0.0000002604	51833365.32924	
3745488017.00324	-13.500	-0.0000001860	72580645.16129	
3745488017.00905	-13.500	-0.0000001347	100259933.16004	
3745488017.01520	-13.500	-0.0000001419	95137420.71882	
3745488017.02102	-13.500	-0.0000002088	64670658.68263	
3745488017.02800	-13.500	-0.0000001334	101161483.70176	
3745488017.03299	-13.500	-0.0000001674	80645161.29032	
3745488017.03997	-13.500	-0.0000001302	103726469.45832	
3745488017.04514	-13.500	-0.0000001387	97332372.02596	
3745488017.05193	-13.500	-0.0000001314	102739726.02740	
3745488017.07488	-13.000	-0.0000001507	86264100.86264	
3745488017.12377	-13.000	-0.0000001204	107928601.07929	
3745488017.13172	-13.000	-0.0000001333	97560975.60976	
3745488017.13876	-13.000	-0.0000001337	97268986.15788	
3745488017.14570	-13.000	-0.0000001390	93491549.80223	
3745488017.15167	-13.000	-0.0000001303	99731492.13656	
3745488017.15766	-13.000	-0.0000001418	91710758.37743	
3745488017.16364	-13.000	-0.0000001169	111158614.79265	
3745488017.16962	-13.000	-0.0000001232	105519480.51948	
3745488017.17561	-13.000	-0.0000001162	111827956.98925	
3745488017.18262	-13.000	-0.0000001146	113388573.92063	
3745488017.18860	-13.000	-0.0000001181	110029623.36014	
3745488017.19461	-13.000	-0.0000001116	116487455.19713	
3745488017.20161	-13.000	-0.0000001067	121894045.94468	
3745488017.20759	-13.000	-0.0000001068	121722846.44195	
3745488017.21359	-13.000	-0.0000001061	122468205.36976	
3745488017.21859	-13.000	-0.0000001804	72062084.25721	
3745488017.24143	-13.000	-0.0000001112	116906474.82014	
3745488017.29056	-13.000	-0.0000001099	118289353.95814	
3745488017.31647	-12.500	-0.0000001102	113481615.97821	
3745488017.40001	-12.500	-0.0000000960	130201552.00250	
3745488017.43095	-12.500	-0.0000000973	128534704.37018	
3745488017.44390	-12.500	-0.0000001030	121406371.40637	
3745488017.46604	-12.500	-0.0000001090	114731528.22396	
3745488017.48079	-12.500	-0.0000001000	125000000.00000	
3745488017.57164	-12.500	-0.0000000877	142482617.12071	
3745488017.63760	-12.000	-0.0000001000	120000000.00000	
3745488017.74207	-12.000	-0.0000000754	159235668.78981	
3745488017.78697	-12.000	-0.0000000833	144005760.23041	
3745488017.80916	-12.000	-0.0000000802	149532710.28037	
3745488017.82214	-12.000	-0.0000000911	131694468.83231	
3745488017.88495	-11.500	-0.0000001025	112195121.95122	
3745488017.96076	-11.500	-0.0000000649	177277632.18745	
3745488017.97770	-11.500	-0.0000000844	136215575.95499	
3745488017.98468	-11.500	-0.0000000692	166245030.71919	
3745488017.99167	-11.500	-0.0000000684	168153238.77760	
3745488017.99794	-11.500	-0.0000000653	176042862.61003	
3745488018.09762	-11.500	-0.0000000663	173375546.50987	
3745488018.12639	-11.000	-0.0000000558	197185623.37546	
3745488018.18715	-11.000	-0.0000000565	194776449.75653	
3745488018.20011	-11.000	-0.0000000569	193406593.40659	
3745488018.20909	-11.000	-0.0000000490	224558538.32806	
3745488018.31081	-11.000	-0.0000000482	228381604.89982	
3745488018.33977	-10.500	-0.0000000484	217121588.08933	
3745488018.39862	-10.500	-0.0000000500	210000000.00000	
3745488018.47738	-10.500	0.0000000000	       -Inf	
3745488018.56514	-10.500	-0.0000000399	263289869.60883	
3745488018.62998	-10.000	-0.0000000379	263747857.04866	
3745488018.68881	-10.000	-0.0000000371	269469145.78281	
3745488018.69678	-10.000	-0.0000000449	222791578.47833	
3745488018.70478	-10.000	-0.0000000500	200000000.00000	
3745488018.78665	-10.000	-0.0000000341	293384186.59234	
3745488018.82963	-10.000	-0.0000000341	293083235.63892	
3745488018.85835	-9.500	-0.0000000305	311220311.22031	
3745488018.91654	-9.500	-0.0000000301	315771979.39172	
3745488018.92349	-9.500	-0.0000000300	316350316.35032	
3745488018.93048	-9.500	-0.0000000299	317513368.98396	
3745488018.93750	-9.500	-0.0000000300	316930775.64637	
3745488018.94446	-9.500	-0.0000000300	316297652.73847	
3745488018.95140	-9.500	-0.0000000300	316402997.50208	
3745488018.95837	-9.500	-0.0000000300	316561146.28457	
3745488018.96535	-9.500	-0.0000000300	316192378.09952	
3745488018.97222	-9.500	-0.0000000300	316825079.20627	
3745488018.97820	-9.500	-0.0000000301	316034597.47172	
3745488018.98419	-9.500	-0.0000000299	317248288.52897	
3745488018.99117	-9.500	-0.0000000300	316192378.09952	
3745488018.99815	-9.500	-0.0000000300	316297652.73847	
3745488019.00414	-9.500	-0.0000000300	316719453.24221	
3745488019.01012	-9.500	-0.0000000309	307343901.64995	
3745488019.01694	-9.500	-0.0000000355	267417311.75229	
3745488019.02292	-9.500	-0.0000000298	318685005.03187	
3745488019.02989	-9.500	-0.0000000316	300632911.39241	
3745488019.03588	-9.500	-0.0000000317	299495586.38083	
3745488019.06263	-9.000	-0.0000000277	324675324.67532	
3745488019.12010	-9.000	-0.0000000456	197498354.18038	
3745488019.12728	-9.000	-0.0000000256	351014040.56162	
3745488019.13426	-9.000	-0.0000000256	351562500.00000	
3745488019.14121	-9.000	-0.0000000255	352388410.33673	
3745488019.14706	-9.000	-0.0000000256	351631177.96445	
3745488019.15421	-9.000	-0.0000000257	350535540.40896	
3745488019.16119	-9.000	-0.0000000313	287081339.71292	
3745488019.16817	-9.000	-0.0000000282	319488817.89137	
3745488019.17499	-9.000	-0.0000000280	321888412.01717	
3745488019.18213	-9.000	-0.0000000285	315346881.56973	
3745488019.18796	-9.000	-0.0000000292	308694906.53404	
3745488019.19403	-9.000	-0.0000000348	258323765.78645	
3745488019.19996	-9.000	-0.0000000369	244200244.20024	
3745488019.20595	-9.000	-0.0000000612	147167034.58425	
3745488019.21788	-9.000	-0.0000000277	325203252.03252	
3745488019.24381	-9.000	-0.0000000297	303183425.97271	
3745488019.27173	-8.500	-0.0000000238	357894736.84211	
3745488019.32962	-8.500	-0.0000000245	346726493.98328	
3745488019.33765	-8.500	-0.0000000254	334909377.46257	
3745488019.34466	-8.500	-0.0000000238	356768100.73452	
3745488019.35267	-8.500	-0.0000000251	338645418.32669	
3745488019.36065	-8.500	-0.0000000525	161935606.78224	
3745488019.39964	-8.500	-0.0000000287	296322119.57469	
3745488019.40762	-8.500	-0.0000000333	255562236.92123	
3745488019.41457	-8.500	-0.0000000303	280343007.91557	
3745488019.42261	-8.500	-0.0000000272	311926605.50459	
3745488019.43061	-8.500	-0.0000000265	320150659.13371	
3745488019.43829	-8.500	-0.0000000272	312729948.49154	
3745488019.44564	-8.500	-0.0000000323	262913702.44355	
3745488019.45258	-8.500	-0.0000000238	356992860.14280	
3745488019.48049	-8.000	-0.0000000369	216860937.92356	
3745488019.53869	-8.000	-0.0000000422	189708323.45269	
3745488019.55758	-8.000	-0.0000000536	149184149.18415	
3745488019.65705	-8.000	-0.0000000178	450323670.13791	
3745488019.67999	-8.000	-0.0000000338	236371694.48958	
3745488019.72388	-7.500	-0.0000000150	500166722.24075	
3745488019.78276	-7.500	-0.0000000155	482470247.66806	
3745488019.79168	-7.500	-0.0000000147	510377679.48282	
3745488019.80070	-7.500	-0.0000000148	507270882.65134	
3745488019.80964	-7.500	-0.0000000160	469043151.96998	
3745488019.81668	-7.500	-0.0000000143	522648083.62369	
3745488019.82460	-7.500	-0.0000000142	527983104.54065	
3745488019.83174	-7.500	-0.0000000147	508474576.27119	
3745488019.83862	-7.500	-0.0000000156	481231953.80173	
3745488019.84561	-7.500	-0.0000000147	511421752.47187	
3745488019.85161	-7.500	-0.0000000147	509164969.45010	
3745488019.85850	-7.500	-0.0000000177	423968343.69700	
3745488019.86458	-7.500	-0.0000000170	441566087.72446	
3745488019.87059	-7.500	-0.0000000160	467435338.11156	
3745488019.87758	-7.500	-0.0000000220	340986587.86088	
3745488019.89577	-7.500	-0.0000000544	137753696.39085	
3745488019.94241	-7.000	-0.0000000231	302899177.84509	
3745488020.00034	-7.000	-0.0000000438	159707962.58271	
3745488020.01335	-7.000	-0.0000000500	140000000.00000	
3745488020.14674	-7.000	-0.0000000184	379609544.46855	
3745488020.23364	-6.500	-0.0000000153	424836601.30719	
3745488020.30034	-6.500	-0.0000000135	482912332.83804	
3745488020.30832	-6.500	-0.0000000129	504071345.48275	
3745488020.31630	-6.500	-0.0000000173	376484216.62323	
3745488020.32738	-6.500	-0.0000000113	577264653.64121	
3745488020.33449	-6.500	-0.0000000208	312199807.87704	
3745488020.38036	-6.500	-0.0000000106	610615312.35322	
3745488020.48384	-6.500	-0.0000000500	130000000.00000	
3745488020.62049	-6.000	-0.0000000138	435888122.04867	
3745488020.68031	-6.000	-0.0000000328	183094293.56118	
3745488020.70524	-6.000	-0.0000000059	1021276595.74468	
3745488020.81694	-6.000	-0.0000000068	887508320.39050	
3745488020.84985	-5.500	-0.0000000500	110000000.00000	
3745488020.97851	-5.500	-0.0000000080	687500000.00000	
3745488021.03162	-5.500	-0.0000000061	906170195.23849	
3745488021.08855	-5.000	-0.0002450500	20403.99918	
3745488021.11136	-5.000	-0.0000000030	1674761346.50812	
3745488021.17997	-5.000	-0.0000000028	1763979537.83736	
3745488021.18595	-5.000	-0.0000000026	1894657067.07086	
3745488021.19194	-5.000	-0.0000000026	1920491645.86134	
3745488021.19892	-5.000	-0.0000000026	1923816852.63563	
3745488021.20490	-5.000	-0.0000000026	1926782273.60308	
3745488021.21188	-5.000	-0.0000000026	1931993817.61978	
3745488021.21687	-5.000	-0.0000000026	1936108422.07164	
3745488021.22387	-5.000	-0.0000000026	1939487975.17455	
3745488021.22884	-5.000	-0.0000000026	1934235976.78917	
3745488021.23582	-5.000	-0.0000000026	1934610176.04953	
3745488021.24282	-5.000	-0.0000000026	1943634596.69582	
3745488021.24979	-5.000	-0.0000000026	1950078003.12012	
3745488021.25576	-5.000	-0.0000000026	1953506544.24692	
3745488021.26378	-5.000	-0.0000000026	1952362358.45373	
3745488021.29572	-4.500	-0.0000000018	2460360852.92510	
3745488021.38044	-4.500	-0.0000000018	2471169686.98517	
3745488021.39241	-4.500	-0.0000000018	2481389578.16377	
3745488021.39942	-4.500	-0.0000000018	2494456762.74945	
3745488021.40648	-4.500	-0.0000000018	2501389660.92273	
3745488021.41349	-4.500	-0.0000000018	2518186905.42809	
3745488021.41949	-4.500	-0.0000000018	2527379949.45240	
3745488021.42531	-4.500	-0.0000000018	2530222097.27298	
3745488021.43245	-4.500	-0.0000000018	2528800224.78224	
3745488021.43842	-4.500	-0.0000000018	2538071065.98985	
3745488021.44441	-4.500	-0.0000000018	2547410133.03142	
3745488021.45025	-4.500	-0.0000000018	2551020408.16327	
3745488021.45623	-4.500	-0.0000000018	2558271745.30983	
3745488021.46236	-4.500	-0.0000000018	2564833285.83642	
3745488021.46835	-4.500	-0.0000000018	2567760342.36805	
3745488021.47433	-4.500	-0.0000000017	2573634543.89477	
3745488021.50611	-4.000	-0.0000000012	3407155025.55366	
3745488021.58988	-4.000	-0.0000000012	3427592116.53813	
3745488021.60085	-4.000	-0.0000000012	3437902879.24366	
3745488021.60982	-4.000	-0.0000000012	3458711629.91786	
3745488021.61780	-4.000	-0.0000000012	3466204506.06586	
3745488021.62478	-4.000	-0.0000000012	3475238922.67593	
3745488021.62977	-4.000	-0.0000000011	3478260869.56522	
3745488021.63577	-4.000	-0.0000000011	3491924923.61414	
3745488021.64275	-4.000	-0.0000000011	3507233669.44323	
3745488021.64977	-4.000	-0.0000000011	3521126760.56338	
3745488021.65669	-4.000	-0.0000000011	3516483516.48352	
3745488021.66168	-4.000	-0.0000000011	3527336860.67019	
3745488021.66867	-4.000	-0.0000000011	3536693191.86561	
3745488021.67382	-4.000	-0.0000000011	3533568904.59364	
3745488021.68063	-4.000	-0.0000000011	3536693191.86561	
3745488021.71161	-3.500	-0.0000000007	4986110121.80355	
3745488021.81137	-3.500	-0.0000000007	4995361450.08207	
3745488021.82125	-3.500	-0.0000000007	5043954460.29687	
3745488021.83323	-3.500	-0.0000000007	5027291008.33094	
3745488021.84020	-3.500	-0.0000000007	5055611729.01921	
3745488021.84739	-3.500	-0.0000000007	5061826596.28317	
3745488021.85450	-3.500	-0.0000000007	5076142131.97970	
3745488021.86149	-3.500	-0.0000000007	5070626584.57081	
3745488021.87513	-3.500	-0.0000000007	5130084279.95603	
3745488021.88238	-3.500	-0.0000000007	5134223265.36600	
3745488021.88941	-3.500	-0.0000000007	5121826296.91959	
3745488021.92332	-3.000	-0.0000000004	7687379884.68930	
3745488022.02072	-3.000	-0.0000000004	7728970758.72730	
3745488022.02672	-3.000	-0.0000000004	7776049766.71851	
3745488022.03170	-3.000	-0.0000000004	7748934521.50329	
3745488022.03768	-3.000	-0.0000000004	7751937984.49612	
3745488022.04569	-3.000	-0.0000000004	7790184367.69670	
3745488022.05275	-3.000	-0.0000000004	7783110649.88974	
3745488022.05964	-3.000	-0.0000000004	7797270955.16569	
3745488022.06660	-3.000	-0.0000000004	7792207792.20779	
3745488022.07371	-3.000	-0.0000000004	7806401249.02420	
3745488022.08056	-3.000	-0.0000000004	7840062720.50176	
3745488022.08657	-3.000	-0.0000000004	7849293563.57928	
3745488022.09366	-3.000	-0.0000000004	7797270955.16569	
3745488022.10079	-3.000	-0.0000000004	7860605266.60553	
3745488022.13575	-2.500	-0.0000000002	13458950201.88425	
3745488022.23216	-2.500	-0.0000000002	13462574044.15724	
3745488022.23914	-2.500	-0.0000000002	13412017167.38198	
3745488022.24512	-2.500	-0.0000000002	13217023526.30188	
3745488022.25227	-2.500	-0.0000000002	13462574044.15724	
3745488022.25818	-2.500	-0.0000000002	13484358144.55232	
3745488022.26536	-2.500	-0.0000000002	13312034078.80724	
3745488022.27235	-2.500	-0.0000000002	13564839934.88877	
3745488022.27903	-2.500	-0.0000000002	13495276653.17139	
3745488022.28601	-2.500	-0.0000000002	13437248051.59903	
3745488022.29300	-2.500	-0.0000000002	13269639065.81741	
3745488022.29898	-2.500	-0.0000000002	13266118333.77554	
3745488022.30596	-2.500	-0.0000000002	13326226012.79318	
3745488022.34186	-2.000	-0.0000000001	25367833587.01167	
3745488022.55828	-2.000	-0.0000000001	25254119578.25620	
3745488022.59154	-1.500	-0.0000000000	99667774086.37874	
3745488022.78872	-1.500	-0.0000000000	92194222495.39029	
3745488022.81461	-1.000	0.0000000000	-23562676720.07540	
3745488023.02604	-1.000	0.0000000000	-24058703235.89558	
3745488023.04897	-0.500	0.0000000001	-3735524841.24019	
3745488023.14778	-0.500	0.0000000001	-3775009437.52359	
3745488023.15569	-0.500	0.0000000001	-3847633705.27126	
3745488023.16371	-0.500	0.0000000001	-3831417624.52107	
3745488023.17164	-0.500	0.0000000001	-3866976024.74865	
3745488023.18066	-0.500	0.0000000001	-3943217665.61514	
3745488023.18959	-0.500	0.0000000001	-4159733777.03827	
3745488023.19857	-0.500	0.0000000001	-4147656574.03567	
3745488023.20555	-0.500	0.0000000001	-4152823920.26578	
3745488023.21253	-0.500	0.0000000001	-4192872117.40042	
3745488023.21951	-0.500	0.0000000001	-4290004290.00429	
3745488023.22659	-0.500	0.0000000001	-4293688278.23100	
3745488023.23447	-0.500	0.0000000001	-4330879168.47120	
3745488023.26845	0.500	0.0000000004	1400168020.16242	
3745488023.36529	0.500	0.0000000004	1414027149.32127	
3745488023.37111	0.500	0.0000000004	1428163381.89089	
3745488023.37810	0.500	0.0000000003	1446759259.25926	
3745488023.38423	0.500	0.0000000003	1469939732.47097	
3745488023.39006	0.500	0.0000000003	1481700992.73967	
3745488023.39704	0.500	0.0000000003	1493428912.78375	
3745488023.40303	0.500	0.0000000003	1496781918.87442	
3745488023.41001	0.500	0.0000000003	1504211793.02046	
3745488023.41615	0.500	0.0000000003	1518141794.44360	
3745488023.42197	0.500	0.0000000003	1535626535.62654	
3745488023.42895	0.500	0.0000000003	1546312045.77084	
3745488023.43593	0.500	0.0000000003	1546551190.84442	
3745488023.44192	0.500	0.0000000003	1560549313.35830	
3745488023.47784	1.000	0.0000000004	2338360809.07284	
3745488023.57556	1.000	0.0000000004	2346041055.71847	
3745488023.58254	1.000	0.0000000004	2366023896.84136	
3745488023.59052	1.000	0.0000000004	2390914524.80574	
3745488023.59773	1.000	0.0000000004	2408767915.21137	
3745488023.60448	1.000	0.0000000004	2430724355.85805	
3745488023.61173	1.000	0.0000000004	2426889940.54120	
3745488023.61976	1.000	0.0000000004	2441108263.15147	
3745488023.62743	1.000	0.0000000004	2456700651.02567	
3745488023.63571	1.000	0.0000000004	2481081751.64372	
3745488023.64241	1.000	0.0000000004	2496878901.37328	
3745488023.64967	1.000	0.0000000004	2508151492.35014	
3745488023.68427	1.500	0.0000000005	2889895000.48165	
3745488023.78203	1.500	0.0000000005	2897990726.42968	
3745488023.78902	1.500	0.0000000005	2923121894.18299	
3745488023.79698	1.500	0.0000000005	2947533896.63981	
3745488023.80416	1.500	0.0000000005	2962377801.91567	
3745488023.81293	1.500	0.0000000005	2968827313.21128	
3745488023.82000	1.500	0.0000000005	2985965959.98806	
3745488023.82889	1.500	0.0000000005	3011745808.65375	
3745488023.83588	1.500	0.0000000005	3006614552.01443	
3745488023.84385	1.500	0.0000000005	3016591251.88537	
3745488023.85085	1.500	0.0000000005	3045066991.47381	
3745488023.85881	1.500	0.0000000005	3063099857.05534	
3745488023.89375	2.000	0.0000000006	3221390029.79786	
3745488023.99346	2.000	0.0000000006	3247280402.66277	
3745488024.00644	2.000	0.0000000006	3284611594.67893	
3745488024.01848	2.000	0.0000000006	3306604943.37439	
3745488024.02835	2.000	0.0000000006	3329726130.02581	
3745488024.03535	2.000	0.0000000006	3345320732.62524	
3745488024.04232	2.000	0.0000000006	3363605785.40195	
3745488024.04936	2.000	0.0000000006	3382091823.79302	
3745488024.05627	2.000	0.0000000006	3395009336.27567	
3745488024.06360	2.000	0.0000000006	3399626041.13548	
3745488024.09852	2.500	0.0000000007	3409943394.93964	
3745488024.19990	2.500	0.0000000007	3439972480.22016	
3745488024.21287	2.500	0.0000000007	3458532198.93477	
3745488024.22484	2.500	0.0000000007	3490888780.28346	
3745488024.23380	2.500	0.0000000007	3509264458.16957	
3745488024.24092	2.500	0.0000000007	3526341773.04464	
3745488024.24977	2.500	0.0000000007	3545596369.30932	
3745488024.25574	2.500	0.0000000007	3561760934.60607	
3745488024.26272	2.500	0.0000000007	3565825131.93553	
3745488024.26873	2.500	0.0000000007	3576537911.30186	
3745488024.30267	3.000	0.0000000009	3424853016.72470	
3745488024.40436	3.000	0.0000000009	3452243958.57307	
3745488024.41437	3.000	0.0000000009	3452442603.14172	
3745488024.42730	3.000	0.0000000009	3484118227.74519	
3745488024.43530	3.000	0.0000000009	3485535029.62705	
3745488024.44335	3.000	0.0000000009	3496299749.43185	
3745488024.45053	3.000	0.0000000009	3499562554.68067	
3745488024.45755	3.000	0.0000000009	3514938488.57645	
3745488024.46857	3.000	0.0000000008	3532736693.35845	
3745488024.47624	3.000	0.0000000008	3538987849.47505	
3745488024.51139	3.500	0.0000000011	3227293683.72522	
3745488024.59584	3.500	0.0000000011	3240740740.74074	
3745488024.60880	3.500	0.0000000011	3249767873.72331	
3745488024.62177	3.500	0.0000000011	3266448903.40644	
3745488024.63074	3.500	0.0000000011	3274087932.64733	
3745488024.63772	3.500	0.0000000011	3278688524.59016	
3745488024.64476	3.500	0.0000000011	3281762775.43366	
3745488024.65172	3.500	0.0000000011	3269500233.53573	
3745488024.65796	3.500	0.0000000011	3271028037.38318	
3745488024.66495	3.500	0.0000000011	3274087932.64733	
3745488024.67270	3.500	0.0000000011	3301886792.45283	
3745488024.67963	3.500	0.0000000011	3311258278.14570	
3745488024.68560	3.500	0.0000000011	3326996197.71863	
3745488024.71570	4.000	0.0000000015	2587322121.60414	
3745488024.79852	4.000	0.0000000015	2608412129.11640	
3745488024.80754	4.000	0.0000000015	2647253474.52018	
3745488024.81549	4.000	0.0000000015	2663115845.53928	
3745488024.82326	4.000	0.0000000015	2659574468.08511	
3745488024.83146	4.000	0.0000000015	2656042496.67995	
3745488024.83844	4.000	0.0000000015	2664890073.28448	
3745488024.84544	4.000	0.0000000015	2664890073.28448	
3745488024.85238	4.000	0.0000000015	2655160969.13375	
3745488024.85939	4.000	0.0000000015	2623811085.60184	
3745488024.86713	4.000	0.0000000015	2593192868.71961	
3745488024.87337	4.000	0.0000000017	2368265245.70752	
3745488024.88023	4.000	0.0000000018	2277904328.01822	
3745488024.88624	4.000	0.0000000016	2465331278.89060	
3745488024.89204	4.000	0.0000000016	2541296060.99111	
3745488024.92361	4.500	0.0000000022	2069917203.31187	
3745488025.00944	4.500	0.0000000021	2095459837.01979	
3745488025.01963	4.500	0.0000000021	2098391233.38774	
3745488025.02767	4.500	0.0000000022	2079482439.92606	
3745488025.03462	4.500	0.0000000021	2116153303.55043	
3745488025.04134	4.500	0.0000000021	2144899904.67112	
3745488025.04867	4.500	0.0000000021	2142347060.22376	
3745488025.05564	4.500	0.0000000025	1810136765.88898	
3745488025.06262	4.500	0.0000000027	1685708934.25735	
3745488025.06962	4.500	0.0000000025	1790332206.08713	
3745488025.07629	4.500	0.0000000024	1866832607.34288	
3745488025.08227	4.500	0.0000000023	1964207769.53295	
3745488025.08960	4.500	0.0000000022	2024746906.63667	
3745488025.09819	4.500	0.0000000022	2046850125.08529	
3745488025.12946	5.000	0.0000000032	1540832049.30663	
3745488025.21389	5.000	0.0000000033	1506024096.38554	
3745488025.22486	5.000	0.0000000033	1503759398.49624	
3745488025.23383	5.000	0.0000000032	1586546089.16389	
3745488025.24106	5.000	0.0000000031	1591849729.38555	
3745488025.24880	5.000	0.0000000034	1458789204.95988	
3745488025.25579	5.000	0.0000000033	1507613447.91196	
3745488025.26278	5.000	0.0000000031	1588057805.30411	
3745488025.27004	5.000	0.0000000036	1399972000.55999	
3745488025.27673	5.000	0.0000000033	1504890895.41008	
3745488025.28274	5.000	0.0000000035	1424704373.84243	
3745488025.28976	5.000	0.0000000031	1629460648.52534	
3745488025.29666	5.000	0.0000000055	908925649.88184	
3745488025.30265	5.000	0.0000000064	786163522.01258	
3745488025.30863	5.000	0.0000000036	1392757660.16713	
3745488025.33875	5.500	0.0000000039	1413700038.55546	
3745488025.42334	5.500	0.0000000043	1277881040.89219	
3745488025.43538	5.500	0.0000000041	1329144514.25810	
3745488025.44730	5.500	0.0000000044	1245048104.13130	
3745488025.45424	5.500	0.0000000042	1309367932.38900	
3745488025.46026	5.500	0.0000000041	1332848661.09294	
3745488025.46647	5.500	0.0000000041	1334951456.31068	
3745488025.47359	5.500	0.0000000043	1275658123.62287	
3745488025.48117	5.500	0.0000000067	819244805.24317	
3745488025.54899	5.500	0.0000000065	852316751.89834	
3745488025.58090	6.000	0.0000000076	788229111.92853	
3745488025.66673	6.000	0.0000000076	790565913.43303	
3745488025.67969	6.000	0.0000000077	782013685.23949	
3745488025.68867	6.000	0.0000000080	754432289.70200	
3745488025.69566	6.000	0.0000000080	750469043.15197	
3745488025.70267	6.000	0.0000000078	765062161.30061	
3745488025.71056	6.000	0.0000000076	790826413.60221	
3745488025.71658	6.000	0.0000000076	789369819.76056	
3745488025.72257	6.000	0.0000000077	774643341.29495	
3745488025.72857	6.000	0.0000000082	736196319.01840	
3745488025.73457	6.000	0.0000000080	754384862.01044	
3745488025.74058	6.000	0.0000000091	660902131.40937	
3745488025.74774	6.000	0.0000000082	735113942.66111	
3745488025.75458	6.000	0.0000000082	732511292.88243	
3745488025.78566	6.500	0.0000000101	641975308.64198	
3745488025.84459	6.500	0.0000000110	593065693.43066	
3745488025.85256	6.500	0.0000000108	604370060.43701	
3745488025.86054	6.500	0.0000000114	570926657.88318	
3745488025.86752	6.500	0.0000000120	541441066.22241	
3745488025.87550	6.500	0.0000000153	423452768.72964	
3745488025.88268	6.500	0.0000000125	518341307.81499	
3745488025.88970	6.500	0.0000000106	612341026.84880	
3745488025.89654	6.500	0.0000000104	626808100.28930	
3745488025.90270	6.500	0.0000000107	605214152.70019	
3745488025.91077	6.500	0.0000000102	636942675.15924	
3745488025.91774	6.500	0.0000000101	644202180.37661	
3745488025.92437	6.500	0.0000000100	652610441.76707	
3745488025.93165	6.500	0.0000000100	647410358.56574	
3745488025.93860	6.500	0.0000000099	655903128.15338	
3745488025.94559	6.500	0.0000000099	656565656.56566	
3745488025.95256	6.500	0.0000000099	654911838.79093	
3745488025.95929	6.500	0.0000000100	651302605.21042	
3745488025.98774	7.000	0.0000000128	546448087.43169	
3745488026.04666	7.000	0.0000000127	552704303.19779	
3745488026.05466	7.000	0.0000000126	556660039.76143	
3745488026.06264	7.000	0.0000000126	554675118.85895	
3745488026.07037	7.000	0.0000000126	555114988.10468	
3745488026.07834	7.000	0.0000000127	549450549.45055	
3745488026.08432	7.000	0.0000000130	537221795.85572	
3745488026.09062	7.000	0.0000000130	538047655.64950	
3745488026.09759	7.000	0.0000000133	527108433.73494	
3745488026.10448	7.000	0.0000000132	529300567.10775	
3745488026.11161	7.000	0.0000000132	529701097.23799	
3745488026.11852	7.000	0.0000000132	532117065.75447	
3745488026.12526	7.000	0.0000000131	533130236.10053	
3745488026.13253	7.000	0.0000000132	528301886.79245	
3745488026.13947	7.000	0.0000000134	523560209.42408	
3745488026.14631	7.000	0.0000000132	528501321.25330	
3745488026.15330	7.000	0.0000000133	526118000.75160	
3745488026.16027	7.000	0.0000000132	528501321.25330	
3745488026.16726	7.000	0.0000000134	523756079.31163	
3745488026.19504	7.500	0.0000000187	400748063.05103	
3745488026.25389	7.500	0.0000000192	390117035.11053	
3745488026.26185	7.500	0.0000000207	362143891.83969	
3745488026.27086	7.500	0.0000000198	378214826.02118	
3745488026.27880	7.500	0.0000000196	382068262.86296	
3745488026.28678	7.500	0.0000000195	384615384.61538	
3745488026.29379	7.500	0.0000000200	375845652.71862	
3745488026.30076	7.500	0.0000000194	387196695.92153	
3745488026.30785	7.500	0.0000000194	386299253.15478	
3745488026.31574	7.500	0.0000000196	383239652.52938	
3745488026.32297	7.500	0.0000000196	382750701.70962	
3745488026.33070	7.500	0.0000000205	366210937.50000	
3745488026.33764	7.500	0.0000000203	369185331.03618	
3745488026.34463	7.500	0.0000000201	373505976.09562	
3745488026.35163	7.500	0.0000000201	373505976.09562	
3745488026.35759	7.500	0.0000000201	372393247.26912	
3745488026.36457	7.500	0.0000000216	346740638.00277	
3745488026.37057	7.500	0.0000000216	347866419.29499	
3745488026.37754	7.500	0.0000000217	344986200.55198	
3745488026.40472	8.000	0.0000000272	293847566.57484	
3745488026.46348	8.000	0.0000000279	286686973.66063	
3745488026.47328	8.000	0.0000000284	282087447.10860	
3745488026.48426	8.000	0.0000000294	271923861.31883	
3745488026.49325	8.000	0.0000000294	272525975.13200	
3745488026.50151	8.000	0.0000000295	271370420.62415	
3745488026.50819	8.000	0.0000000304	263548015.15401	
3745488026.51417	8.000	0.0000000286	279232111.69284	
3745488026.52126	8.000	0.0000000287	278745644.59930	
3745488026.52825	8.000	0.0000000300	267111853.08848	
3745488026.53522	8.000	0.0000000293	272851296.04366	
3745488026.54110	8.000	0.0000000295	270865075.33435	
3745488026.54818	8.000	0.0000000294	272155128.42320	
3745488026.55407	8.000	0.0000000298	268817204.30108	
3745488026.56115	8.000	0.0000000303	264069978.54431	
3745488026.56813	8.000	0.0000000319	250744397.42987	
3745488026.57501	8.000	0.0000000337	237283108.40872	
3745488026.58209	8.000	0.0000000334	239808153.47722	
3745488026.60992	8.500	0.0000000456	186526223.39258	
3745488026.66880	8.500	0.0000000462	183803654.44913	
3745488026.67980	8.500	0.0000000519	163618864.29259	
3745488026.69076	8.500	0.0000000577	147364771.15118	
3745488026.69975	8.500	0.0000000504	168717745.13696	
3745488026.71669	8.500	0.0000000501	169728434.50479	
3745488026.73371	8.500	0.0000000516	164856477.88984	
3745488026.74065	8.500	0.0000000517	164394159.17223	
3745488026.74771	8.500	0.0000000518	164219474.49768	
3745488026.75569	8.500	0.0000000571	148770455.93769	
3745488026.76369	8.500	0.0000000572	148692381.70209	
3745488026.77068	8.500	0.0000000562	151151418.15595	
3745488026.77754	8.500	0.0000000528	160893431.76226	
3745488026.78473	8.500	0.0000000623	136370928.92668	
3745488026.79145	8.500	0.0000000566	150176678.44523	
3745488026.81966	9.000	0.0000000683	131752305.66535	
3745488026.87846	9.000	0.0000000768	117149365.44094	
3745488026.91710	9.000	0.0000000773	116376802.22409	
3745488026.92431	9.000	0.0000000776	116031715.33553	
3745488026.93306	9.000	0.0000000819	109849871.84182	
3745488026.94005	9.000	0.0000000826	108991825.61308	
3745488026.94901	9.000	0.0000000841	107047279.21499	
3745488026.95500	9.000	0.0000000844	106635071.09005	
3745488026.96208	9.000	0.0000000842	106901057.13268	
3745488026.96906	9.000	0.0000001333	67516879.21980	
3745488027.00087	9.000	0.0000000816	110240078.39294	
3745488027.03879	9.500	0.0000001164	81615120.27491	
3745488027.08764	9.500	0.0000001428	66549912.43433	
3745488027.09368	9.500	0.0000001000	95000000.00000	
3745488027.18842	9.500	0.0000001000	95000000.00000	
3745488027.26217	9.500	-0.0000000500	-190000000.00000	
3745488027.34994	10.000	0.0000001123	89086859.68820	
3745488027.39900	10.000	0.0000000500	200000000.00000	
3745488027.51550	10.000	0.0000001170	85470085.47009	
3745488027.54772	10.000	0.0000001202	83194675.54077	
3745488027.57172	10.500	0.0000001460	71917808.21918	
3745488027.64316	10.500	0.0000001581	66413662.23909	
3745488027.71596	10.500	0.0000001611	65197143.74418	
3745488027.78681	10.500	0.0000001621	64774830.35163	
3745488027.85364	11.000	0.0000001885	58355437.66578	
3745488027.90361	11.000	0.0000001933	56891647.27179	
3745488027.91243	11.000	0.0000001881	58479532.16374	
3745488027.98125	11.000	0.0000001919	57321521.62585	
3745488028.00621	11.000	0.0000002096	52480916.03053	
3745488028.05409	11.000	0.0000002013	54644808.74317	
3745488028.07699	11.500	0.0000002232	51534842.03451	
3745488028.12486	11.500	0.0000002224	51708633.09353	
3745488028.13085	11.500	0.0000002229	51581071.98924	
3745488028.13683	11.500	0.0000002249	51145207.91639	
3745488028.14282	11.500	0.0000002211	52012663.95296	
3745488028.14880	11.500	0.0000002258	50930026.57219	
3745488028.15380	11.500	0.0000002216	51895306.85921	
3745488028.15977	11.500	0.0000002203	52201543.34998	
3745488028.16476	11.500	0.0000002203	52213393.87060	
3745488028.17075	11.500	0.0000002194	52403736.61426	
3745488028.17673	11.500	0.0000002197	52344105.59854	
3745488028.18271	11.500	0.0000002212	51977401.12994	
3745488028.18869	11.500	0.0000002212	51977401.12994	
3745488028.19468	11.500	0.0000002224	51708633.09353	
3745488028.20066	11.500	0.0000002211	52024428.86225	
3745488028.20764	11.500	0.0000002249	51145207.91639	
3745488028.21266	11.500	0.0000002285	50339242.72270	
3745488028.21864	11.500	0.0000002256	50986477.49945	
3745488028.22360	11.500	0.0000002228	51615798.92280	
3745488028.22959	11.500	0.0000002206	52130553.03717	
3745488028.23557	11.500	0.0000002215	51918735.89165	
3745488028.24155	11.500	0.0000002214	51930458.34274	
3745488028.24853	11.500	0.0000002229	51581071.98924	
3745488028.25452	11.500	0.0000002218	51860202.93123	
3745488028.26050	11.500	0.0000002242	51293487.95718	
3745488028.28444	12.000	0.0000002508	47837352.99980	
3745488028.33131	12.000	0.0000002488	48241206.03015	
3745488028.33630	12.000	0.0000002471	48553510.01416	
3745488028.34228	12.000	0.0000002496	48076923.07692	
3745488028.34727	12.000	0.0000002455	48889794.25545	
3745488028.35226	12.000	0.0000002455	48889794.25545	
3745488028.35724	12.000	0.0000002498	48048048.04805	
3745488028.36323	12.000	0.0000002478	48426150.12107	
3745488028.36821	12.000	0.0000002518	47656870.53217	
3745488028.37420	12.000	0.0000002526	47515343.49634	
3745488028.38018	12.000	0.0000002533	47374654.55981	
3745488028.38517	12.000	0.0000002541	47216210.89908	
3745488028.39016	12.000	0.0000002527	47487138.89988	
3745488028.39614	12.000	0.0000002519	47628497.71780	
3745488028.40112	12.000	0.0000002569	46710782.40561	
3745488028.40611	12.000	0.0000002469	48612517.72331	
3745488028.41111	12.000	0.0000002471	48563334.68231	
3745488028.41608	12.000	0.0000002482	48348106.36583	
3745488028.42107	12.000	0.0000002470	48592832.55720	
3745488028.42705	12.000	0.0000002447	49049662.78357	
3745488028.43305	12.000	0.0000002469	48612517.72331	
3745488028.43902	12.000	0.0000002489	48221820.37372	
3745488028.44501	12.000	0.0000002559	46893317.70223	
3745488028.45000	12.000	0.0000002980	40268456.37584	
3745488028.45499	12.000	0.0000002424	49504950.49505	
3745488028.45997	12.000	0.0000002519	47628497.71780	
3745488028.46496	12.000	0.0000002456	48849989.82292	
3745488028.46994	12.000	0.0000002416	49668874.17219	
3745488028.49389	12.500	0.0000002560	48828125.00000	
3745488028.54574	12.500	0.0000002574	48562548.56255	
3745488028.55272	12.500	0.0000002584	48365254.40124	
3745488028.55771	12.500	0.0000002601	48067679.29244	
3745488028.56369	12.500	0.0000002572	48600311.04199	
3745488028.57871	12.500	0.0000002564	48742444.92104	
3745488028.58564	12.500	0.0000002550	49019607.84314	
3745488028.59162	12.500	0.0000002559	48847205.93982	
3745488028.59764	12.500	0.0000002544	49135220.12579	
3745488028.60462	12.500	0.0000002548	49058084.77237	
3745488028.61076	12.500	0.0000002540	49202912.81244	
3745488028.61775	12.500	0.0000002539	49241678.15639	
3745488028.62453	12.500	0.0000002535	49309664.69428	
3745488028.63058	12.500	0.0000002529	49416880.80648	
3745488028.63658	12.500	0.0000002540	49202912.81244	
3745488028.64248	12.500	0.0000002548	49058084.77237	
3745488028.64858	12.500	0.0000002536	49280504.63237	
3745488028.65458	12.500	0.0000002532	49377839.22576	
3745488028.66058	12.500	0.0000002521	49573666.46837	
3745488028.66658	12.500	0.0000002527	49465769.68738	
3745488028.67246	12.500	0.0000002529	49416880.80648	
3745488028.67854	12.500	0.0000002532	49368088.46761	
3745488028.70136	13.000	0.0000002685	48417132.21601	
3745488028.75038	13.000	0.0000002763	47058823.52941	
3745488028.76217	13.000	0.0000002747	47324353.84055	
3745488028.77430	13.000	0.0000002715	47882136.27993	
3745488028.78514	13.000	0.0000002697	48192771.08434	
3745488028.79807	13.000	0.0000002707	48032514.31738	
3745488028.81203	13.000	0.0000002681	48489369.63819	
3745488028.81819	13.000	0.0000002686	48399106.47803	
3745488028.82437	13.000	0.0000002680	48516514.27505	
3745488028.83098	13.000	0.0000002673	48634493.07894	
3745488028.83796	13.000	0.0000002679	48534627.59007	
3745488028.84310	13.000	0.0000002686	48399106.47803	
3745488028.84793	13.000	0.0000002690	48327137.54647	
3745488028.85392	13.000	0.0000002668	48725637.18141	
3745488028.85990	13.000	0.0000002667	48743907.01162	
3745488028.86504	13.000	0.0000002697	48201705.59881	
3745488028.87087	13.000	0.0000002684	48426150.12107	
3745488028.87686	13.000	0.0000002670	48680022.46770	
3745488028.88284	13.000	0.0000002695	48237476.80891	
3745488028.90578	13.500	0.0000002804	48145506.41940	
3745488028.95365	13.500	0.0000002810	48034157.62320	
3745488028.96167	13.500	0.0000002939	45941807.04441	
3745488028.96965	13.500	0.0000002852	47326906.22261	
3745488028.97758	13.500	0.0000003025	44635476.93834	
3745488028.98465	13.500	0.0000002850	47376732.76013	
3745488028.99255	13.500	0.0000002815	47965890.92201	
3745488029.00065	13.500	0.0000002805	48136922.80264	
3745488029.00850	13.500	0.0000002821	47863853.92661	
3745488029.01669	13.500	0.0000003019	44709388.97168	
3745488029.02371	13.500	0.0000002807	48102618.92036	
3745488029.03170	13.500	0.0000002822	47838412.47342	
3745488029.03866	13.500	0.0000002740	49270072.99270	
3745488029.04564	13.500	0.0000002837	47585477.61720	
3745488029.05148	13.500	0.0000002771	48718874.05269	
3745488029.05769	13.500	0.0000002767	48789302.49368	
3745488029.06459	13.500	0.0000002743	49216186.65694	
3745488029.07265	13.500	0.0000002729	49477735.01924	
3745488029.07935	13.500	0.0000002724	49550376.21582	
3745488029.08455	13.500	0.0000002736	49351124.10894	
3745488029.09058	13.500	0.0000002709	49843086.57929	
3745488029.11522	14.000	0.0000002880	48611111.11111	
3745488029.16336	14.000	0.0000002864	48882681.56425	
3745488029.16938	14.000	0.0000002861	48933939.18210	
3745488029.17605	14.000	0.0000002850	49122807.01754	
3745488029.18240	14.000	0.0000002836	49356601.44544	
3745488029.18830	14.000	0.0000002845	49209138.84007	
3745488029.19536	14.000	0.0000002843	49243756.59515	
3745488029.20199	14.000	0.0000002826	49539985.84572	
3745488029.20724	14.000	0.0000002864	48882681.56425	
3745488029.21326	14.000	0.0000002829	49496199.39897	
3745488029.21923	14.000	0.0000002827	49531222.35981	
3745488029.22592	14.000	0.0000002796	50062578.22278	
3745488029.23290	14.000	0.0000003026	46258053.85759	
3745488029.23988	14.000	0.0000003406	41103934.23371	
3745488029.24688	14.000	0.0000002779	50377833.75315	
3745488029.25484	14.000	0.0000002780	50368771.36176	
3745488029.26083	14.000	0.0000002834	49408858.30245	
3745488029.26698	14.000	0.0000002760	50724637.68116	
3745488029.27281	14.000	0.0000002885	48535274.74432	
3745488029.27879	14.000	0.0000002836	49365303.24401	
3745488029.28393	14.000	0.0000003473	40310970.34264	
3745488029.28975	14.000	0.0000002750	50918348.79069	
3745488029.29474	14.000	0.0000002808	49857549.85755	
3745488029.29972	14.000	0.0000002719	51480051.48005	
3745488029.32166	14.500	0.0000003134	46259371.51061	
3745488029.37067	14.500	0.0000003086	46986390.14906	
3745488029.37852	14.500	0.0000002957	49027895.18174	
3745488029.38667	14.500	0.0000003257	44526331.95148	
3745488029.39360	14.500	0.0000003272	44315403.42298	
3745488029.40051	14.500	0.0000004050	35802469.13580	
3745488029.40650	14.500	0.0000003064	47323759.79112	
3745488029.41245	14.500	0.0000003049	47556575.92653	
3745488029.43835	14.500	0.0000003332	43517406.96279	
3745488029.48723	14.500	0.0000002777	52214620.09363	
3745488029.49521	14.500	0.0000002756	52612481.85776	
3745488029.50342	14.500	0.0000002774	52271088.68061	
3745488029.52832	15.000	0.0000003417	43898156.27744	
3745488029.57700	15.000	0.0000002911	51537536.50576	
3745488029.58298	15.000	0.0000003778	39708802.11780	
3745488029.59095	15.000	0.0000003286	45648204.50396	
3745488029.59695	15.000	0.0000002965	50590219.22428	
3745488029.60591	15.000	0.0000002914	51475634.86616	
3745488029.61306	15.000	0.0000002947	50907856.77923	
3745488029.62187	15.000	0.0000002864	52383446.83080	
3745488029.62885	15.000	0.0000002856	52521008.40336	
3745488029.63682	15.000	0.0000002893	51840331.77812	
3745488029.64281	15.000	0.0000002982	50310246.52021	
3745488029.64879	15.000	0.0000002836	52891396.33286	
3745488029.65477	15.000	0.0000002837	52872752.90800	
3745488029.65976	15.000	0.0000002823	53134962.80553	
3745488029.66575	15.000	0.0000002836	52900722.97655	
3745488029.67074	15.000	0.0000002807	53447354.35596	
3745488029.67671	15.000	0.0000002794	53686471.00931	
3745488029.68271	15.000	0.0000002781	53927736.83264	
3745488029.68869	15.000	0.0000002774	54073540.01442	
3745488029.69468	15.000	0.0000002766	54220133.74300	
3745488029.70066	15.000	0.0000002757	54406964.09140	
3745488029.70566	15.000	0.0000002771	54132082.28077	
3745488029.71162	15.000	0.0000002761	54328141.97754	
3745488029.73470	15.500	0.0000002923	53018642.03865	
3745488029.78367	15.500	0.0000002933	52855924.97869	
3745488029.79159	15.500	0.0000002933	52846914.42209	
3745488029.79961	15.500	0.0000002996	51744283.09130	
3745488029.80739	15.500	0.0000003011	51477914.31418	
3745488029.81538	15.500	0.0000005220	29693486.59004	
3745488029.82342	15.500	0.0000002912	53228021.97802	
3745488029.83150	15.500	0.0000002907	53310404.12726	
3745488029.83851	15.500	0.0000003192	48558897.24311	
3745488029.84552	15.500	0.0000003131	49512857.37103	
3745488029.85163	15.500	0.0000002863	54148471.61572	
3745488029.85753	15.500	0.0000003299	46983934.52561	
3745488029.86350	15.500	0.0000002802	55307760.92774	
3745488029.87058	15.500	0.0000002908	53301237.96424	
3745488029.87735	15.500	0.0000002820	54974286.22096	
3745488029.88233	15.500	0.0000002914	53182364.04186	
3745488029.88832	15.500	0.0000003012	51469367.42487	
3745488029.89430	15.500	0.0000004263	36359371.33474	
3745488029.90029	15.500	0.0000003355	46206588.16515	
3745488029.90626	15.500	0.0000002845	54471973.29116	
3745488029.91224	15.500	0.0000005998	25841947.31577	
3745488029.91822	15.500	0.0000003041	50970075.63302	
3745488029.94102	16.000	0.0000003156	50697084.91762	
3745488029.98988	16.000	0.0000002996	53413453.51360	
3745488029.99705	16.000	0.0000003733	42860969.72944	
3745488030.00385	16.000	0.0000003196	50070411.51619	
3745488030.01082	16.000	0.0000002944	54338597.38496	
3745488030.01681	16.000	0.0000003334	47997600.11999	
3745488030.02280	16.000	0.0000002986	53583389.14936	
3745488030.02878	16.000	0.0000003024	52910052.91005	
3745488030.03485	16.000	0.0000003151	50777530.94256	
3745488030.04174	16.000	0.0000003100	51612903.22581	
3745488030.04872	16.000	0.0000003120	51273834.32142	
3745488030.05471	16.000	0.0000003683	43442845.50638	
3745488030.06069	16.000	0.0000003383	47302291.20473	
3745488030.06671	16.000	0.0000003304	48418822.81737	
3745488030.07367	16.000	0.0000002886	55430452.10462	
3745488030.07868	16.000	0.0000002982	53655264.92287	
3745488030.08570	16.000	0.0000003033	52761747.73289	
3745488030.09261	16.000	0.0000003364	47562425.68371	
3745488030.09877	16.000	0.0000003443	46471100.78420	
3745488030.10461	16.000	0.0000003579	44698980.30451	
3745488030.11059	16.000	0.0000003872	41322314.04959	
3745488030.11660	16.000	0.0000005188	30840400.92521	
3745488030.12259	16.000	0.0000003422	46756282.87551	
3745488030.14577	16.500	0.0000003907	42226487.52399	
3745488030.19363	16.500	0.0000003302	49969715.32405	
3745488030.20061	16.500	0.0000003132	52690403.95976	
3745488030.20665	16.500	0.0000003382	48787699.58604	
3745488030.21364	16.500	0.0000003273	50412465.62786	
3745488030.21927	16.500	0.0000003456	47749963.82578	
3745488030.22542	16.500	0.0000003407	48436811.97710	
3745488030.23141	16.500	0.0000003260	50605735.31667	
3745488030.23738	16.500	0.0000003083	53510621.04751	
3745488030.24336	16.500	0.0000003804	43375394.32177	
3745488030.24935	16.500	0.0000002886	57172557.17256	
3745488030.25533	16.500	0.0000002857	57762996.67425	
3745488030.26132	16.500	0.0000002866	57571528.26239	
3745488030.26730	16.500	0.0000002955	55847013.03097	
3745488030.27328	16.500	0.0000002862	57662065.35034	
3745488030.27927	16.500	0.0000002890	57103305.07008	
3745488030.28425	16.500	0.0000002943	56065239.55148	
3745488030.29024	16.500	0.0000002904	56818181.81818	
3745488030.29622	16.500	0.0000002991	55156276.11566	
3745488030.30221	16.500	0.0000002916	56574661.40922	
3745488030.30703	16.500	0.0000003190	51724137.93103	
3745488030.31318	16.500	0.0000002979	55378419.19785	
3745488030.31916	16.500	0.0000003562	46322290.84784	
3745488030.32598	16.500	0.0000002953	55875380.96851	
3745488030.34892	17.000	0.0000003462	49104563.83593	
3745488030.39679	17.000	0.0000003075	55284552.84553	
3745488030.40379	17.000	0.0000003150	53968253.96825	
3745488030.41277	17.000	0.0000003204	53050397.87798	
3745488030.41973	17.000	0.0000003048	55783429.04020	
3745488030.42778	17.000	0.0000003039	55948658.87774	
3745488030.43569	17.000	0.0000003001	56647784.07198	
3745488030.44268	17.000	0.0000003106	54723965.87800	
3745488030.45064	17.000	0.0000003044	55847568.98817	
3745488030.45765	17.000	0.0000003096	54909560.72351	
3745488030.46560	17.000	0.0000003245	52380218.76444	
3745488030.47268	17.000	0.0000003113	54600931.42765	
3745488030.48056	17.000	0.0000002974	57162071.28447	
3745488030.48757	17.000	0.0000002977	57104467.58482	
3745488030.49354	17.000	0.0000002987	56903765.69038	
3745488030.49956	17.000	0.0000003074	55311534.08167	
3745488030.50554	17.000	0.0000003086	55087491.89890	
3745488030.51154	17.000	0.0000003127	54356514.78817	
3745488030.51753	17.000	0.0000003427	49606069.44850	
3745488030.52354	17.000	0.0000003001	56647784.07198	
3745488030.52953	17.000	0.0000003208	52992518.70324	
3745488030.55267	17.500	0.0000003262	53639846.74330	
3745488030.60148	17.500	0.0000003284	53288672.35079	
3745488030.60924	17.500	0.0000003560	49164208.45624	
3745488030.61737	17.500	0.0000003654	47886167.73840	
3745488030.62520	17.500	0.0000006644	26341536.84052	
3745488030.63316	17.500	0.0000006643	26345502.44637	
3745488030.64017	17.500	0.0000003723	47005103.41123	
3745488030.70700	17.500	0.0000003253	53796495.54258	
3745488030.71394	17.500	0.0000003330	52544662.96352	
3745488030.72292	17.500	0.0000003021	57918252.52358	
3745488030.72991	17.500	0.0000003127	55964182.92293	
3745488030.73888	17.500	0.0000003027	57813016.18764	
3745488030.76381	18.000	0.0000003232	55684454.75638	
3745488030.81276	18.000	0.0000003345	53803616.79868	
3745488030.82066	18.000	0.0000003284	54811205.84653	
3745488030.82668	18.000	0.0000003347	53779504.03346	
3745488030.83462	18.000	0.0000003322	54176072.23476	
3745488030.84262	18.000	0.0000003383	53207212.53325	
3745488030.85057	18.000	0.0000003497	51480051.48005	
3745488030.85855	18.000	0.0000004505	39960039.96004	
3745488030.86567	18.000	0.0000003378	53285968.02842	
3745488030.87266	18.000	0.0000003807	47287534.48049	
3745488030.87966	18.000	0.0000003815	47182175.62254	
3745488030.88674	18.000	0.0000003900	46159764.07232	
3745488030.89374	18.000	0.0000004114	43747721.47284	
3745488030.90072	18.000	0.0000003806	47299960.58337	
3745488030.90744	18.000	0.0000004752	37878787.87879	
3745488030.91377	18.000	0.0000004105	43854306.24924	
3745488030.92068	18.000	0.0000003442	52295177.22255	
3745488030.92772	18.000	0.0000003576	50335570.46980	
3745488030.93453	18.000	0.0000003569	50434295.32082	
3745488030.94050	18.000	0.0000003771	47739026.65429	
3745488030.94648	18.000	0.0000004120	43684018.92974	
3745488030.96860	18.500	0.0000003342	55356074.20706	
3745488031.01738	18.500	0.0000003397	54467834.53555	
3745488031.02412	18.500	0.0000004607	40151926.20727	
3745488031.03226	18.500	0.0000003380	54725632.30291	
3745488031.04030	18.500	0.0000003588	51560758.08250	
3745488031.04905	18.500	0.0000003815	48492791.61206	
3745488031.05702	18.500	0.0000004046	45729823.26041	
3745488031.06500	18.500	0.0000003852	48020765.73653	
3745488031.07199	18.500	0.0000004025	45968443.28488	
3745488031.07797	18.500	0.0000003626	51020408.16327	
3745488031.08295	18.500	0.0000003411	54244245.71177	
3745488031.08794	18.500	0.0000003480	53153282.57434	
3745488031.09494	18.500	0.0000003747	49372831.59861	
3745488031.10290	18.500	0.0000004153	44546111.24488	
3745488031.10988	18.500	0.0000003716	49784714.74704	
3745488031.11786	18.500	0.0000004482	41276215.97501	
3745488031.12426	18.500	0.0000003557	52010120.88839	
3745488031.13184	18.500	0.0000003800	48690617.18647	
3745488031.13880	18.500	0.0000004114	44962935.95820	
3745488031.14394	18.500	0.0000007104	26041666.66667	
3745488031.14979	18.500	0.0000003443	53732210.28173	
3745488031.17276	19.000	0.0000005209	36471830.31001	
3745488031.22158	19.000	0.0000004133	45971449.31043	
3745488031.22772	19.000	0.0000004144	45849420.84942	
3745488031.23469	19.000	0.0000003813	49829530.55337	
3745488031.24156	19.000	0.0000003987	47654878.35465	
3745488031.24757	19.000	0.0000004501	42212841.59076	
3745488031.25357	19.000	0.0000004351	43673141.01827	
3745488031.25948	19.000	0.0000004432	42870036.10108	
3745488031.26457	19.000	0.0000003565	53288458.84168	
3745488031.26957	19.000	0.0000004205	45184304.39952	
3745488031.27445	19.000	0.0000004484	42372881.35593	
3745488031.28057	19.000	0.0000004006	47428856.71493	
3745488031.28558	19.000	0.0000003937	48253968.25397	
3745488031.29042	19.000	0.0000004055	46849956.84872	
3745488031.29653	19.000	0.0000004003	47470331.04310	
3745488031.30252	19.000	0.0000003910	48587137.19473	
3745488031.30852	19.000	0.0000004049	46925166.70783	
3745488031.31448	19.000	0.0000003489	54464669.62878	
3745488031.32046	19.000	0.0000003395	55956412.89943	
3745488031.32645	19.000	0.0000003339	56894744.72226	
3745488031.33243	19.000	0.0000003356	56615017.87843	
3745488031.33742	19.000	0.0000003345	56792706.62083	
3745488031.34340	19.000	0.0000003423	55498758.58040	
3745488031.34839	19.000	0.0000003402	55849500.29394	
3745488031.35438	19.000	0.0000003414	55653192.73579	
3745488031.37732	19.500	0.0000003712	52525252.52525	
3745488031.42704	19.500	0.0000003561	54759898.90480	
3745488031.43506	19.500	0.0000003593	54272195.93654	
3745488031.44499	19.500	0.0000003767	51765330.50173	
3745488031.45297	19.500	0.0000003838	50807712.35018	
3745488031.46194	19.500	0.0000003841	50774638.71892	
3745488031.46893	19.500	0.0000004013	48598130.84112	
3745488031.47491	19.500	0.0000004365	44678657.34907	
3745488031.48189	19.500	0.0000003610	54016620.49861	
3745488031.48787	19.500	0.0000003675	53061224.48980	
3745488031.49385	19.500	0.0000003872	50368074.38977	
3745488031.49898	19.500	0.0000003620	53867403.31492	
3745488031.50584	19.500	0.0000003541	55069189.49449	
3745488031.51095	19.500	0.0000003597	54211843.20267	
3745488031.51679	19.500	0.0000003637	53615617.26698	
3745488031.52278	19.500	0.0000003594	54257095.15860	
3745488031.52791	19.500	0.0000003550	54929577.46479	
3745488031.53375	19.500	0.0000003576	54537826.87736	
3745488031.53873	19.500	0.0000003615	53941908.71369	
3745488031.54472	19.500	0.0000003750	52006934.25790	
3745488031.54970	19.500	0.0000003926	49675200.61139	
3745488031.55369	19.500	0.0000003651	53410024.65078	
3745488031.56068	19.500	0.0000004991	39074241.05801	
3745488031.58362	20.000	0.0000004042	49480455.22019	
3745488031.63267	20.000	0.0000004751	42100831.49142	
3745488031.64046	20.000	0.0000005043	39658933.17470	
3745488031.64764	20.000	0.0000005162	38744672.60752	
3745488031.65542	20.000	0.0000005356	37341299.47722	
3745488031.66240	20.000	0.0000005009	39928129.36714	
3745488031.66841	20.000	0.0000005022	39828736.43334	
3745488031.67437	20.000	0.0000005057	39549139.80621	
3745488031.68047	20.000	0.0000003962	50479555.77991	
3745488031.68772	20.000	0.0000004881	40975209.99795	
3745488031.69472	20.000	0.0000005269	37954265.11054	
3745488031.70046	20.000	0.0000005597	35736621.10247	
3745488031.70648	20.000	0.0000004668	42840312.73428	
3745488031.71243	20.000	0.0000004565	43811610.07667	
3745488031.71841	20.000	0.0000005940	33667199.73066	
3745488031.72341	20.000	0.0000005545	36068530.20739	
3745488031.72939	20.000	0.0000005573	35887313.83456	
3745488031.73537	20.000	0.0000006594	30328303.88960	
3745488031.74037	20.000	0.0000004574	43730184.76003	
3745488031.74634	20.000	0.0000004309	46414481.31817	
3745488031.75233	20.000	0.0000004135	48361745.85903	
3745488031.75824	20.000	0.0000006355	31468806.54551	
3745488031.78336	20.000	0.0000003949	50652146.38470	
