3745488379.699465	-20.000000	-1.095000E-7	182648401.826484
3745488379.748359	-20.000000	-1.199500E-7	166736140.058358
3745488379.754461	-20.000000	-1.279500E-7	156311059.007425
3745488379.761300	-20.000000	-1.438000E-7	139082058.414465
3745488379.785238	-19.500000	-9.004500E-8	216558387.472930
3745488379.842395	-19.500000	-9.063500E-8	215148673.249848
3745488379.849405	-19.500000	-9.102000E-8	214238628.872775
3745488379.856400	-19.500000	-9.207000E-8	211795373.085696
3745488379.863325	-19.500000	-9.249000E-8	210833603.632825
3745488379.870176	-19.500000	-9.305000E-8	209564750.134336
3745488379.897304	-19.000000	-1.111000E-7	171017101.710171
3745488379.945808	-19.000000	-1.856500E-7	102343118.771883
3745488379.951959	-19.000000	-2.089000E-7	90952608.903782
3745488379.957774	-19.000000	-1.401000E-7	135617416.131335
3745488379.963913	-19.000000	-9.215000E-8	206185567.010309
3745488379.999677	-19.000000	-9.290000E-8	204520990.312164
3745488380.037563	-18.500000	-8.783000E-8	210634179.665262
3745488380.095417	-18.500000	-8.870000E-8	208568207.440812
3745488380.103434	-18.500000	-8.788000E-8	210514337.733273
3745488380.110422	-18.500000	-9.003500E-8	205475648.358972
3745488380.117422	-18.500000	-9.015500E-8	205202151.849592
3745488380.145505	-18.000000	-8.223000E-8	218898212.331266
3745488380.203118	-18.000000	-8.244000E-8	218340611.353712
3745488380.210381	-18.000000	-8.257500E-8	217983651.226158
3745488380.217336	-18.000000	-8.307500E-8	216671682.214866
3745488380.224061	-18.000000	-8.307500E-8	216671682.214866
3745488380.252281	-17.500000	-7.833500E-8	223399502.138252
3745488380.309840	-17.500000	-8.153000E-8	214644915.981847
3745488380.317813	-17.500000	-7.991000E-8	218996370.917282
3745488380.324794	-17.500000	-7.843500E-8	223114680.946006
3745488380.331776	-17.500000	-8.370000E-8	209080047.789725
3745488380.359717	-17.000000	-6.911000E-8	245984662.132832
3745488380.417571	-17.000000	-6.919000E-8	245700245.700246
3745488380.424776	-17.000000	-6.896000E-8	246519721.577726
3745488380.432506	-17.000000	-6.885000E-8	246913580.246914
3745488380.439486	-17.000000	-6.886000E-8	246877722.916062
3745488380.467430	-16.500000	-6.284000E-8	262571610.439211
3745488380.525465	-16.500000	-6.270000E-8	263157894.736842
3745488380.532394	-16.500000	-6.272500E-8	263053009.166999
3745488380.539225	-16.500000	-6.265500E-8	263346899.688772
3745488380.546211	-16.500000	-6.279000E-8	262780697.563306
3745488380.574454	-16.000000	-5.681500E-8	281615770.483147
3745488380.632291	-16.000000	-5.683500E-8	281516671.065365
3745488380.638952	-16.000000	-5.654500E-8	282960473.958794
3745488380.644939	-16.000000	-5.658500E-8	282760448.882213
3745488380.652080	-16.000000	-5.650500E-8	283160782.231661
3745488380.679177	-15.500000	-5.096500E-8	304130285.490042
3745488380.737688	-15.500000	-5.087000E-8	304698250.442304
3745488380.744898	-15.500000	-5.079500E-8	305148144.502412
3745488380.752650	-15.500000	-5.072000E-8	305599369.085173
3745488380.759630	-15.500000	-5.066000E-8	305961310.698776
3745488380.788567	-15.000000	-4.547000E-8	329887838.135034
3745488380.846449	-15.000000	-4.539000E-8	330469266.358229
3745488380.854411	-15.000000	-4.527000E-8	331345261.762757
3745488380.861357	-15.000000	-4.514500E-8	332262709.048621
3745488380.868463	-15.000000	-4.519500E-8	331895121.141719
3745488380.896498	-14.500000	-4.037000E-8	359177607.134010
3745488380.955419	-14.500000	-4.035500E-8	359311113.864453
3745488380.962307	-14.500000	-4.027500E-8	360024829.298572
3745488380.969103	-14.500000	-4.025500E-8	360203701.403552
3745488380.976309	-14.500000	-4.014000E-8	361235675.137020
3745488381.004259	-14.000000	-3.572500E-8	391882435.269419
3745488381.063824	-14.000000	-3.559500E-8	393313667.649951
3745488381.071797	-14.000000	-3.560500E-8	393203201.797500
3745488381.080781	-14.000000	-3.553000E-8	394033211.370673
3745488381.087953	-14.000000	-3.552000E-8	394144144.144144
3745488381.116674	-13.500000	-3.135500E-8	430553340.774996
3745488381.174526	-13.500000	-3.137000E-8	430347465.731591
3745488381.181501	-13.500000	-3.127000E-8	431723696.834026
3745488381.188482	-13.500000	-3.119000E-8	432831035.588330
3745488381.195463	-13.500000	-3.111000E-8	433944069.431051
3745488381.222392	-13.000000	-2.743500E-8	473847275.378167
3745488381.280451	-13.000000	-2.742500E-8	474020054.694622
3745488381.289230	-13.000000	-2.740000E-8	474452554.744526
3745488381.297394	-13.000000	-2.731500E-8	475928976.752700
3745488381.305176	-13.000000	-2.721500E-8	477677751.240125
3745488381.333095	-12.500000	-2.387500E-8	523560209.424084
3745488381.390945	-12.500000	-2.379000E-8	525430853.299706
3745488381.397924	-12.500000	-2.372500E-8	526870389.884089
3745488381.405152	-12.500000	-2.368000E-8	527871621.621622
3745488381.412094	-12.500000	-2.366500E-8	528206211.705050
3745488381.440091	-12.000000	-2.061500E-8	582100412.321125
3745488381.498673	-12.000000	-2.051500E-8	584937850.353400
3745488381.505731	-12.000000	-2.048000E-8	585937500.000000
3745488381.512616	-12.000000	-2.039500E-8	588379504.780583
3745488381.519602	-12.000000	-2.034000E-8	589970501.474926
3745488381.548521	-11.500000	-1.764000E-8	651927437.641723
3745488381.607454	-11.500000	-1.754500E-8	655457395.269307
3745488381.615342	-11.500000	-1.747000E-8	658271322.266743
3745488381.622322	-11.500000	-1.738000E-8	661680092.059839
3745488381.629306	-11.500000	-1.744000E-8	659403669.724771
3745488381.656483	-11.000000	-1.498000E-8	734312416.555407
3745488381.714097	-11.000000	-1.493000E-8	736771600.803751
3745488381.721305	-11.000000	-1.489000E-8	738750839.489590
3745488381.728297	-11.000000	-1.482500E-8	741989881.956155
3745488381.735037	-11.000000	-1.481000E-8	742741390.952059
3745488381.763251	-10.500000	-1.268000E-8	828075709.779180
3745488381.822048	-10.500000	-1.260500E-8	833002776.675922
3745488381.829767	-10.500000	-1.256500E-8	835654596.100278
3745488381.837748	-10.500000	-1.249000E-8	840672538.030424
3745488381.844727	-10.500000	-1.245500E-8	843034925.732638
3745488381.872653	-10.000000	-1.064500E-8	939408172.851104
3745488381.930499	-10.000000	-1.056000E-8	946969696.969697
3745488381.937480	-10.000000	-1.055500E-8	947418285.172904
3745488381.944461	-10.000000	-1.049500E-8	952834683.182468
3745488381.952440	-10.000000	-1.051000E-8	951474785.918173
3745488381.980485	-9.500000	-8.707000E-9	1091076145.629953
3745488382.064378	-9.500000	-8.672500E-9	1095416546.555203
3745488382.098051	-9.000000	-7.060000E-9	1274787535.410765
3745488382.182112	-9.000000	-7.090500E-9	1269303998.307595
3745488382.213741	-8.500000	-5.798500E-9	1465896352.504958
3745488382.297562	-8.500000	-5.766500E-9	1474031041.359577
3745488382.332424	-8.000000	-4.650000E-9	1720430107.526882
3745488382.415203	-8.000000	-4.635000E-9	1725997842.502697
3745488382.448122	-7.500000	-3.684500E-9	2035554349.301126
3745488382.531139	-7.500000	-3.674500E-9	2041094026.398149
3745488382.564810	-7.000000	-2.888000E-9	2423822714.681440
3745488382.648582	-7.000000	-2.883000E-9	2428026361.429067
3745488382.681493	-6.500000	-2.239500E-9	2902433578.923867
3745488382.763270	-6.500000	-2.231000E-9	2913491707.754370
3745488382.793525	-6.000000	-1.710000E-9	3508771929.824561
3745488382.877225	-6.000000	-1.696000E-9	3537735849.056604
3745488382.912137	-5.500000	-1.271000E-9	4327301337.529504
3745488382.995650	-5.500000	-1.264000E-9	4351265822.784810
3745488383.027565	-5.000000	-9.205500E-10	5431535495.084460
3745488383.127389	-5.000000	-9.188500E-10	5441584589.432443
3745488383.163528	-4.500000	-6.536000E-10	6884944920.440637
3745488383.264936	-4.500000	-6.565000E-10	6854531607.006855
3745488383.303118	-4.000000	-4.563000E-10	8766162612.316458
3745488383.401570	-4.000000	-4.512000E-10	8865248226.950354
3745488383.438494	-3.500000	-3.026500E-10	11564513464.397820
3745488383.536439	-3.500000	-3.011000E-10	11624045167.718365
3745488383.572413	-3.000000	-1.844500E-10	16264570344.266739
3745488383.670847	-3.000000	-1.839000E-10	16313213703.099510
3745488383.706015	-2.500000	-9.877000E-11	25311329351.017517
3745488383.943131	-2.500000	-9.945000E-11	25138260432.378078
3745488383.979360	-2.000000	-4.193000E-11	47698545194.371574
3745488384.192450	-2.000000	-4.286000E-11	46663555762.949135
3745488384.226466	-1.500000	-1.664000E-11	90144230769.230774
3745488385.148892	-1.500000	-1.707000E-11	87873462214.411255
3745488385.168870	-1.000000	2.499500E-11	-40008001600.320061
3745488385.365317	-1.000000	2.456000E-11	-40716612377.850159
3745488385.388252	-0.500000	6.583500E-11	-7594744436.849700
3745488385.602683	-0.500000	6.533000E-11	-7653451706.719731
3745488385.639585	0.500000	1.978000E-10	2527805864.509605
3745488385.737365	0.500000	1.950000E-10	2564102564.102564
3745488385.772433	1.000000	2.448500E-10	4084133142.740454
3745488385.871205	1.000000	2.431500E-10	4112687641.373638
3745488385.907117	1.500000	3.004500E-10	4992511233.150275
3745488386.006614	1.500000	2.974500E-10	5042864346.949067
3745488386.042527	2.000000	3.601500E-10	5553241704.845203
3745488386.140239	2.000000	3.582500E-10	5582693649.685974
3745488386.176143	2.500000	4.266500E-10	5859603890.776983
3745488386.275880	2.500000	4.238500E-10	5898313082.458417
3745488386.314775	3.000000	4.977000E-10	6027727546.714888
3745488386.420517	3.000000	4.943000E-10	6069188751.770180
3745488386.455401	3.500000	5.906500E-10	5925675103.699314
3745488386.552147	3.500000	5.894000E-10	5938242280.285036
3745488386.586051	4.000000	7.048500E-10	5674966304.887565
3745488386.682787	4.000000	7.033500E-10	5687069026.800313
3745488386.716710	4.500000	8.416500E-10	5346640527.535199
3745488386.815474	4.500000	8.416500E-10	5346640527.535199
3745488386.850458	5.000000	1.026000E-9	4873294346.978558
3745488386.933370	5.000000	1.022500E-9	4889975550.122250
3745488386.965041	5.500000	1.238500E-9	4440855874.041179
3745488387.048811	5.500000	1.237500E-9	4444444444.444445
3745488387.080727	6.000000	1.519500E-9	3948667324.777887
3745488387.163538	6.000000	1.520500E-9	3946070371.588293
3745488387.195447	6.500000	1.871500E-9	3473149879.775581
3745488387.278275	6.500000	1.877000E-9	3462972828.982419
3745488387.310112	7.000000	2.325500E-9	3010105353.687379
3745488387.393890	7.000000	2.335500E-9	2997216870.049240
3745488387.426815	7.500000	3.571000E-9	2100252030.243629
3745488387.510580	7.500000	3.281000E-9	2285888448.643706
3745488387.543498	8.000000	4.610500E-9	1735169721.288363
3745488387.627420	8.000000	4.528500E-9	1766589378.381362
3745488387.661423	8.500000	5.144500E-9	1652249975.702206
3745488387.746220	8.500000	5.254000E-9	1617814998.096688
3745488387.777860	9.000000	7.115000E-9	1264933239.634575
3745488387.861645	9.000000	7.436500E-9	1210246755.866335
3745488387.893554	9.500000	9.392000E-9	1011499148.211244
3745488387.977434	9.500000	1.003900E-8	946309393.365873
3745488388.012454	10.000000	1.487000E-8	672494956.287828
3745488388.071285	10.000000	1.461500E-8	684228532.329798
3745488388.078075	10.000000	1.438000E-8	695410292.072323
3745488388.085308	10.000000	1.728000E-8	578703703.703704
3745488388.114259	10.500000	1.754500E-8	598461100.028498
3745488388.172806	10.500000	1.777500E-8	590717299.578059
3745488388.179787	10.500000	1.875000E-8	560000000.000000
3745488388.187062	10.500000	1.847500E-8	568335588.633288
3745488388.194747	10.500000	1.832500E-8	572987721.691678
3745488388.222671	11.000000	2.483500E-8	442923293.738675
3745488388.280559	11.000000	3.254500E-8	337993547.395913
3745488388.288497	11.000000	2.854000E-8	385423966.362999
3745488388.295481	11.000000	2.827000E-8	389105058.365759
3745488388.303455	11.000000	3.007000E-8	365813102.760226
3745488388.331381	11.500000	3.644000E-8	315587266.739846
3745488388.389534	11.500000	3.848500E-8	298817721.190074
3745488388.396473	11.500000	3.880500E-8	296353562.685221
3745488388.403487	11.500000	3.974500E-8	289344571.644232
3745488388.410498	11.500000	4.011500E-8	286675807.054718
3745488388.438397	12.000000	5.586000E-8	214822771.213749
3745488388.496217	12.000000	5.908000E-8	203114421.123900
3745488388.503198	12.000000	5.842000E-8	205409106.470387
3745488388.510170	12.000000	5.792500E-8	207164436.771688
3745488388.517228	12.000000	6.209500E-8	193252274.740317
3745488388.544110	12.500000	7.121500E-8	175524819.209436
3745488388.602655	12.500000	7.416000E-8	168554476.806904
3745488388.609739	12.500000	7.852000E-8	159195109.526235
3745488388.617621	12.500000	7.707000E-8	162190216.686129
3745488388.624783	12.500000	7.682500E-8	162707452.001302
3745488388.653532	13.000000	1.006000E-7	129224652.087475
3745488388.702496	13.000000	9.715000E-8	133813690.169840
3745488388.719342	13.000000	9.408000E-8	138180272.108844
3745488388.726323	13.000000	9.279000E-8	140101304.019830
3745488388.733485	13.000000	9.266000E-8	140297863.155623
3745488388.761472	13.500000	1.167000E-7	115681233.933162
3745488388.810421	13.500000	1.229500E-7	109800732.004880
3745488388.816321	13.500000	1.268500E-7	106424911.312574
3745488388.822375	13.500000	1.332000E-7	101351351.351351
3745488388.828298	13.500000	1.298000E-7	104006163.328197
3745488388.834039	13.500000	1.296000E-7	104166666.666667
3745488388.840161	13.500000	1.263000E-7	106888361.045131
3745488388.863264	14.000000	1.388500E-7	100828231.904933
3745488388.910966	14.000000	1.388500E-7	100828231.904933
3745488388.918096	14.000000	1.423000E-7	98383696.416022
3745488388.924797	14.000000	1.427000E-7	98107918.710582
3745488388.931775	14.000000	1.461000E-7	95824777.549624
3745488388.937758	14.000000	1.445000E-7	96885813.148789
3745488388.945043	14.000000	1.451000E-7	96485182.632667
3745488388.969674	14.500000	1.583500E-7	91569308.493843
3745488389.017546	14.500000	1.586000E-7	91424968.474149
3745488389.024526	14.500000	1.617500E-7	89644513.137558
3745488389.030519	14.500000	1.571000E-7	92297899.427116
3745488389.035667	14.500000	1.570000E-7	92356687.898089
3745488389.042499	14.500000	1.583500E-7	91569308.493843
3745488389.047498	14.500000	1.603000E-7	90455396.132252
3745488389.054467	14.500000	1.618500E-7	89589125.733704
3745488389.079379	15.000000	1.821000E-7	82372322.899506
3745488389.127479	15.000000	1.850500E-7	81059173.196433
3745488389.134471	15.000000	1.864000E-7	80472103.004292
3745488389.140215	15.000000	1.863500E-7	80493694.660585
3745488389.145503	15.000000	1.878000E-7	79872204.472843
3745488389.152183	15.000000	1.838500E-7	81588251.291814
3745488389.158493	15.000000	1.873000E-7	80085424.452750
3745488389.165264	15.000000	1.886500E-7	79512324.410284
3745488389.188397	15.500000	2.116500E-7	73234112.922277
3745488389.237267	15.500000	2.074000E-7	74734811.957570
3745488389.244936	15.500000	2.067500E-7	74969770.253930
3745488389.251165	15.500000	2.051000E-7	75572891.272550
3745488389.257136	15.500000	2.043500E-7	75850256.912161
3745488389.262888	15.500000	2.047500E-7	75702075.702076
3745488389.269209	15.500000	2.049500E-7	75628202.000488
3745488389.292141	16.000000	2.214000E-7	72267389.340560
3745488389.340690	16.000000	2.214500E-7	72251072.476857
3745488389.346665	16.000000	2.190000E-7	73059360.730594
3745488389.352651	16.000000	2.180000E-7	73394495.412844
3745488389.358648	16.000000	2.232500E-7	71668533.034714
3745488389.363786	16.000000	2.227500E-7	71829405.162738
3745488389.370622	16.000000	2.251000E-7	71079520.213239
3745488389.376593	16.000000	2.211000E-7	72365445.499774
3745488389.399524	16.500000	2.348000E-7	70272572.402044
3745488389.447472	16.500000	2.399000E-7	68778657.774073
3745488389.454472	16.500000	2.420500E-7	68167733.939269
3745488389.461358	16.500000	2.401000E-7	68721366.097459
3745488389.468498	16.500000	2.388000E-7	69095477.386935
3745488389.475505	16.500000	2.393000E-7	68951107.396573
3745488389.483298	16.500000	2.391500E-7	68994355.007318
3745488389.506480	17.000000	2.539000E-7	66955494.289090
3745488389.555413	17.000000	2.984500E-7	56960964.985760
3745488389.562101	17.000000	2.830500E-7	60060060.060060
3745488389.568404	17.000000	2.862000E-7	59399021.663173
3745488389.575378	17.000000	2.460500E-7	69091648.039016
3745488389.581041	17.000000	2.477500E-7	68617558.022200
3745488389.587277	17.000000	2.451000E-7	69359445.124439
3745488389.593270	17.000000	2.460000E-7	69105691.056911
3745488389.616267	17.500000	2.634000E-7	66438876.233865
3745488389.664816	17.500000	2.639000E-7	66312997.347480
3745488389.671823	17.500000	2.665000E-7	65666041.275797
3745488389.678778	17.500000	2.658500E-7	65826593.943953
3745488389.685762	17.500000	2.668000E-7	65592203.898051
3745488389.692740	17.500000	2.729500E-7	64114306.649570
3745488389.700006	17.500000	2.664500E-7	65678363.670482
3745488389.723657	18.000000	3.023500E-7	59533653.051100
3745488389.772528	18.000000	3.257500E-7	55257099.002302
3745488389.778511	18.000000	3.081000E-7	58422590.068160
3745488389.784493	18.000000	3.214000E-7	56004978.220286
3745488389.792472	18.000000	2.916000E-7	61728395.061728
3745488389.798459	18.000000	3.364500E-7	53499777.084262
3745488389.804463	18.000000	2.856000E-7	63025210.084034
3745488389.827539	18.500000	3.552500E-7	52076002.814919
3745488389.875496	18.500000	2.852000E-7	64866760.168303
3745488389.883230	18.500000	3.067000E-7	60319530.485817
3745488389.889522	18.500000	3.786500E-7	48857784.233461
3745488389.895474	18.500000	3.638000E-7	50852116.547554
3745488389.901502	18.500000	3.291000E-7	56213916.742631
3745488389.908500	18.500000	2.834000E-7	65278757.939308
3745488389.932107	19.000000	3.464000E-7	54849884.526559
3745488389.980328	19.000000	3.486000E-7	54503729.202524
3745488389.987258	19.000000	3.680000E-7	51630434.782609
3745488389.993266	19.000000	3.490000E-7	54441260.744986
3745488389.999234	19.000000	3.166500E-7	60003158.060951
3745488390.005091	19.000000	4.106500E-7	46268111.530500
3745488390.011960	19.000000	3.531500E-7	53801500.778706
3745488390.018073	19.000000	3.696000E-7	51406926.406926
3745488390.041131	19.500000	3.117500E-7	62550120.288693
3745488390.090677	19.500000	3.018000E-7	64612326.043738
3745488390.096991	19.500000	3.268500E-7	59660394.676457
3745488390.103642	19.500000	3.113000E-7	62640539.672342
3745488390.110625	19.500000	3.209000E-7	60766593.954503
3745488390.116615	19.500000	3.111000E-7	62680810.028930
3745488390.123595	19.500000	3.069500E-7	63528261.931911
3745488390.147524	20.000000	3.456500E-7	57861999.132070
3745488390.196459	20.000000	3.225500E-7	62005890.559603
3745488390.204372	20.000000	3.553500E-7	56282538.342479
3745488390.210353	20.000000	3.223500E-7	62044361.718629
3745488390.216521	20.000000	3.323000E-7	60186578.393018
3745488390.222342	20.000000	3.207500E-7	62353858.144973
3745488390.228358	20.000000	3.337500E-7	59925093.632959
3745488390.251487	20.000000	3.140500E-7	63684126.731412
3745488390.300468	20.000000	3.585000E-7	55788005.578801
3745488390.307411	20.000000	3.228500E-7	61948273.191885
3745488390.313360	20.000000	3.940000E-7	50761421.319797
3745488390.319232	20.000000	3.053500E-7	65498608.154577
3745488390.324050	20.000000	3.175500E-7	62982207.526374
3745488390.330201	20.000000	3.121000E-7	64082024.991990
3745488390.336194	20.000000	3.112000E-7	64267352.185090
3745488390.359280	19.500000	2.726500E-7	71520264.074821
3745488390.407830	19.500000	2.889500E-7	67485724.173732
3745488390.415103	19.500000	2.645000E-7	73724007.561437
3745488390.421799	19.500000	2.626500E-7	74243289.548829
3745488390.429058	19.500000	2.644500E-7	73737946.681792
3745488390.435757	19.500000	2.646000E-7	73696145.124717
3745488390.443009	19.500000	2.627500E-7	74215033.301618
3745488390.467668	19.000000	2.865000E-7	66317626.527051
3745488390.516539	19.000000	3.120500E-7	60887678.256690
3745488390.523520	19.000000	2.693000E-7	70553286.297809
3745488390.529501	19.000000	2.612000E-7	72741194.486983
3745488390.536483	19.000000	2.723500E-7	69763172.388471
3745488390.542466	19.000000	2.590000E-7	73359073.359073
3745488390.549452	19.000000	2.569000E-7	73958738.808875
3745488390.572452	18.500000	3.079500E-7	60074687.449261
3745488390.620410	18.500000	3.637500E-7	50859106.529210
3745488390.627485	18.500000	2.401000E-7	77051228.654727
3745488390.633323	18.500000	2.459000E-7	75233834.892233
3745488390.640473	18.500000	3.242000E-7	57063541.024059
3745488390.647433	18.500000	2.248500E-7	82277073.604625
3745488390.654402	18.500000	2.482000E-7	74536663.980661
3745488390.678401	18.000000	4.566500E-7	39417496.988941
3745488390.726974	18.000000	2.337500E-7	77005347.593583
3745488390.734210	18.000000	2.880000E-7	62500000.000000
3745488390.740257	18.000000	2.818000E-7	63875088.715401
3745488390.747211	18.000000	2.016000E-7	89285714.285714
3745488390.752954	18.000000	2.223000E-7	80971659.919028
3745488390.759191	18.000000	1.955500E-7	92048069.547430
3745488390.782022	17.500000	1.766500E-7	99065949.617888
3745488390.829745	17.500000	1.766500E-7	99065949.617888
3745488390.837718	17.500000	1.759500E-7	99460073.884626
3745488390.843701	17.500000	1.758500E-7	99516633.494456
3745488390.848703	17.500000	1.762000E-7	99318955.732123
3745488390.855670	17.500000	1.751500E-7	99914359.120754
3745488390.861655	17.500000	1.756000E-7	99658314.350797
3745488390.866802	17.500000	1.750500E-7	99971436.732362
3745488390.889583	17.000000	1.629000E-7	104358502.148557
3745488390.937821	17.000000	1.624000E-7	104679802.955665
3745488390.945039	17.000000	1.612500E-7	105426356.589147
3745488390.951770	17.000000	1.621000E-7	104873534.855028
3745488390.959020	17.000000	1.634000E-7	104039167.686659
3745488390.965718	17.000000	1.650500E-7	102999091.184490
3745488390.972974	17.000000	1.620500E-7	104905893.242826
3745488390.996655	16.500000	1.599000E-7	103189493.433396
3745488391.044507	16.500000	1.618500E-7	101946246.524560
3745488391.049493	16.500000	1.589000E-7	103838892.385148
3745488391.055481	16.500000	1.636000E-7	100855745.721271
3745488391.062467	16.500000	1.627000E-7	101413644.744929
3745488391.068444	16.500000	1.675500E-7	98478066.248881
3745488391.074426	16.500000	1.762000E-7	93643586.833144
3745488391.079445	16.500000	1.826500E-7	90336709.553791
3745488391.104498	16.000000	1.811500E-7	88324592.878830
3745488391.152468	16.000000	1.698500E-7	94200765.381219
3745488391.159469	16.000000	1.678500E-7	95323205.242776
3745488391.165446	16.000000	1.720000E-7	93023255.813953
3745488391.171456	16.000000	1.531000E-7	104506858.262573
3745488391.177474	16.000000	1.657000E-7	96560048.280024
3745488391.183304	16.000000	1.622000E-7	98643649.815043
3745488391.189480	16.000000	1.596500E-7	100219229.564673
3745488391.213434	15.500000	1.597500E-7	97026604.068858
3745488391.261059	15.500000	1.574500E-7	98443950.460464
3745488391.268142	15.500000	1.487500E-7	104201680.672269
3745488391.274159	15.500000	1.478000E-7	104871447.902571
3745488391.279990	15.500000	1.557000E-7	99550417.469493
3745488391.285992	15.500000	1.522500E-7	101806239.737274
3745488391.291956	15.500000	1.464500E-7	105838170.023899
3745488391.297832	15.500000	1.493000E-7	103817816.476892
3745488391.321766	15.000000	1.247000E-7	120288692.862871
3745488391.370646	15.000000	1.330000E-7	112781954.887218
3745488391.377615	15.000000	1.324500E-7	113250283.125708
3745488391.384637	15.000000	1.254500E-7	119569549.621363
3745488391.391851	15.000000	1.239500E-7	121016538.926987
3745488391.399567	15.000000	1.265000E-7	118577075.098814
3745488391.406760	15.000000	1.322000E-7	113464447.806354
3745488391.431470	14.500000	1.378000E-7	105224963.715530
3745488391.480466	14.500000	1.409500E-7	102873359.347286
3745488391.488323	14.500000	1.362500E-7	106422018.348624
3745488391.494488	14.500000	1.439500E-7	100729419.937478
3745488391.501496	14.500000	1.512500E-7	95867768.595041
3745488391.508472	14.500000	1.710500E-7	84770534.931307
3745488391.515271	14.500000	1.654500E-7	87639770.323361
3745488391.538522	14.000000	1.304000E-7	107361963.190184
3745488391.587440	14.000000	1.219000E-7	114848236.259229
3745488391.595364	14.000000	1.353500E-7	103435537.495382
3745488391.602365	14.000000	1.170500E-7	119607005.553182
3745488391.609451	14.000000	1.128000E-7	124113475.177305
3745488391.616312	14.000000	1.190000E-7	117647058.823529
3745488391.623474	14.000000	1.224500E-7	114332380.563495
3745488391.647353	13.500000	1.260500E-7	107100357.001190
3745488391.696449	13.500000	1.296500E-7	104126494.408022
3745488391.704404	13.500000	1.138000E-7	118629173.989455
3745488391.710460	13.500000	1.127500E-7	119733924.611973
3745488391.718367	13.500000	1.209000E-7	111662531.017370
3745488391.724418	13.500000	1.089500E-7	123910050.481872
3745488391.732330	13.500000	1.077000E-7	125348189.415042
3745488391.755457	13.000000	8.483500E-8	153238639.712383
3745488391.814112	13.000000	8.791000E-8	147878512.114663
3745488391.821329	13.000000	1.249500E-7	104041616.646659
3745488391.850262	13.000000	1.276000E-7	101880877.742947
3745488391.873275	12.500000	1.861000E-7	67168189.145621
3745488391.922052	12.500000	1.198000E-7	104340567.612688
3745488391.927867	12.500000	1.490500E-7	83864475.008386
3745488391.934845	12.500000	1.306500E-7	95675468.809797
3745488391.940916	12.500000	1.316000E-7	94984802.431611
3745488391.946794	12.500000	1.288000E-7	97049689.440994
3745488391.952895	12.500000	1.143000E-7	109361329.833771
3745488391.959760	12.500000	1.497500E-7	83472454.090150
3745488391.982701	12.000000	2.142500E-7	56009334.889148
3745488392.062486	12.000000	1.192000E-7	100671140.939597
3745488392.069491	12.000000	1.353000E-7	88691796.008869
3745488392.091731	11.500000	1.064000E-7	108082706.766917
3745488392.140277	11.500000	1.564000E-7	73529411.764706
3745488392.145479	11.500000	1.953000E-7	58883768.561188
3745488392.151248	11.500000	1.668000E-7	68944844.124700
3745488392.157468	11.500000	9.805000E-8	117287098.419174
3745488392.163474	11.500000	1.560500E-7	73694328.740788
3745488392.170481	11.500000	1.417000E-7	81157374.735356
3745488392.176445	11.500000	1.175500E-7	97830710.336027
3745488392.200434	11.000000	8.135000E-8	135218192.993239
3745488392.258204	11.000000	8.339500E-8	131902392.229750
3745488392.276169	11.000000	9.450000E-8	116402116.402116
3745488392.292121	11.000000	9.315000E-8	118089103.596350
3745488392.316806	10.500000	6.953000E-8	151013950.812599
3745488392.374651	10.500000	7.833000E-8	134048257.372654
3745488392.381862	10.500000	5.969500E-8	175894128.486473
3745488392.389611	10.500000	5.595500E-8	187650790.814047
3745488392.396803	10.500000	6.053000E-8	173467701.965967
3745488392.404571	10.500000	3.680500E-8	285287325.091700
3745488392.432496	10.000000	8.082500E-8	123724095.267553
3745488392.502491	10.000000	7.661000E-8	130531262.237306
3745488392.526451	10.000000	6.529000E-8	153162812.069230
3745488392.554456	9.500000	9.378500E-8	101295516.340566
3745488392.613277	9.500000	7.485000E-8	126920507.682031
3745488392.651928	9.500000	7.860000E-8	120865139.949109
3745488392.680834	9.000000	5.277000E-8	170551449.687322
3745488392.739675	9.000000	5.732000E-8	157013258.897418
3745488392.746741	9.000000	2.930500E-8	307114826.821362
3745488392.753651	9.000000	2.971000E-8	302928306.967351
3745488392.761656	9.000000	3.287000E-8	273805902.038333
3745488392.788928	8.500000	1.625000E-8	523076923.076923
3745488392.846405	8.500000	1.656000E-8	513285024.154589
3745488392.853370	8.500000	1.567500E-8	542264752.791069
3745488392.860509	8.500000	1.637500E-8	519083969.465649
3745488392.868330	8.500000	1.486500E-8	571812983.518332
3745488392.896482	8.000000	1.232000E-8	649350649.350649
3745488392.954437	8.000000	1.244500E-8	642828445.158698
3745488392.961349	8.000000	1.201500E-8	665834373.699542
3745488392.968327	8.000000	1.197000E-8	668337510.442774
3745488392.975317	8.000000	1.182500E-8	676532769.556025
3745488393.003278	7.500000	9.070500E-9	826856292.376385
3745488393.085772	7.500000	9.413500E-9	796728103.255962
3745488393.117665	7.000000	7.326500E-9	955435746.946018
3745488393.199446	7.000000	7.342500E-9	953353762.342526
3745488393.230482	6.500000	5.657000E-9	1149018914.619056
3745488393.314176	6.500000	5.657000E-9	1149018914.619056
3745488393.344257	6.000000	4.259000E-9	1408781404.085466
3745488393.425840	6.000000	4.238000E-9	1415762151.958471
3745488393.456090	5.500000	3.098000E-9	1775338928.340865
3745488393.539537	5.500000	3.079000E-9	1786294251.380318
3745488393.570491	5.000000	2.162500E-9	2312138728.323699
3745488393.653231	5.000000	2.153000E-9	2322340919.647004
3745488393.684446	4.500000	1.451500E-9	3100241129.865656
3745488393.766931	4.500000	1.439500E-9	3126085446.335533
3745488393.799886	4.000000	9.074500E-10	4407956361.232024
3745488393.898591	4.000000	8.992500E-10	4448151237.142063
3745488393.933482	3.500000	5.294000E-10	6611258027.956178
3745488394.031429	3.500000	5.240000E-10	6679389312.977098
3745488394.067281	3.000000	2.804500E-10	10697093956.141914
3745488394.164116	3.000000	2.795000E-10	10733452593.917709
3745488394.199033	2.500000	1.295000E-10	19305019305.019306
3745488394.296510	2.500000	1.296500E-10	19282684149.633629
3745488394.332426	2.000000	5.582500E-11	35826242722.794449
3745488394.540862	2.000000	5.578500E-11	35851931522.810791
3745488394.575768	1.500000	1.220000E-11	122950819672.131149
3745488394.767253	1.500000	1.257000E-11	119331742243.436752
3745488394.791214	1.000000	-2.835500E-11	-35267148651.031563
3745488394.996651	1.000000	-2.788500E-11	-35861574323.112785
3745488395.020575	0.500000	-7.792500E-11	-6416426050.689765
3745488395.250960	0.500000	-7.701500E-11	-6492241771.083554
3745488395.289171	-0.500000	-2.439000E-10	2050020500.205002
3745488395.388597	-0.500000	-2.371500E-10	2108370229.812355
3745488395.427486	-1.000000	-3.059500E-10	3268507926.131721
3745488395.525378	-1.000000	-3.032500E-10	3297609233.305853
3745488395.562420	-1.500000	-3.712000E-10	4040948275.862069
3745488395.659968	-1.500000	-3.699500E-10	4054601973.239627
3745488395.696770	-2.000000	-4.470500E-10	4473772508.667934
3745488395.795504	-2.000000	-4.424000E-10	4520795660.036166
3745488395.832403	-2.500000	-5.252500E-10	4759638267.491671
3745488395.930433	-2.500000	-5.195500E-10	4811856414.204599
3745488395.965083	-3.000000	-6.171000E-10	4861448711.716092
3745488396.065784	-3.000000	-6.078500E-10	4935428148.391872
3745488396.105674	-3.500000	-7.246500E-10	4829917891.395846
3745488396.204411	-3.500000	-7.216000E-10	4850332594.235033
3745488396.239446	-4.000000	-8.698000E-10	4598758335.249482
3745488396.339050	-4.000000	-8.699500E-10	4597965400.310363
3745488396.377243	-4.500000	-1.066500E-9	4219409282.700422
3745488396.460728	-4.500000	-1.065500E-9	4223369310.183012
3745488396.493639	-5.000000	-1.310000E-9	3816793893.129771
3745488396.577413	-5.000000	-1.309500E-9	3818251240.931653
3745488396.610430	-5.500000	-1.634500E-9	3364943407.769960
3745488396.693331	-5.500000	-1.636500E-9	3360831041.857623
3745488396.727015	-6.000000	-2.041000E-9	2939735423.811857
3745488396.809791	-6.000000	-2.051000E-9	2925402242.808386
3745488396.842706	-6.500000	-2.568500E-9	2530659918.240218
3745488396.925480	-6.500000	-2.575000E-9	2524271844.660194
3745488396.957417	-7.000000	-3.335500E-9	2098635886.673662
3745488397.042173	-7.000000	-3.387500E-9	2066420664.206642
3745488397.076345	-7.500000	-4.541000E-9	1651618586.214490
3745488397.158124	-7.500000	-4.646500E-9	1614118153.448833
3745488397.190771	-8.000000	-6.192000E-9	1291989664.082687
3745488397.274568	-8.000000	-6.341000E-9	1261630657.624980
3745488397.307477	-8.500000	-9.650000E-9	880829015.544041
3745488397.371428	-8.500000	-1.003000E-8	847457627.118644
3745488397.384389	-8.500000	-1.134500E-8	749228735.125606
3745488397.413453	-9.000000	-1.396000E-8	644699140.401146
3745488397.472207	-9.000000	-1.467500E-8	613287904.599659
3745488397.479999	-9.000000	-1.569000E-8	573613766.730402
3745488397.487195	-9.000000	-1.520000E-8	592105263.157895
3745488397.495173	-9.000000	-1.502000E-8	599201065.246338
3745488397.523191	-9.500000	-2.142000E-8	443510737.628385
3745488397.581727	-9.500000	-2.142000E-8	443510737.628385
3745488397.588969	-9.500000	-2.116000E-8	448960302.457467
3745488397.596685	-9.500000	-2.137000E-8	444548432.381844
3745488397.603945	-9.500000	-2.081500E-8	456401633.437425
3745488397.632590	-10.000000	-3.090500E-8	323572237.502022
3745488397.690433	-10.000000	-3.125500E-8	319948808.190690
3745488397.697414	-10.000000	-3.410500E-8	293212138.982554
3745488397.704399	-10.000000	-3.545500E-8	282047666.055563
3745488397.711413	-10.000000	-3.763500E-8	265710110.269696
3745488397.739449	-10.500000	-5.508000E-8	190631808.278867
3745488397.797371	-10.500000	-5.864000E-8	179058663.028649
3745488397.805392	-10.500000	-5.649000E-8	185873605.947955
3745488397.812320	-10.500000	-6.614000E-8	158754157.846991
3745488397.819291	-10.500000	-6.142500E-8	170940170.940171
3745488397.847020	-11.000000	-7.131500E-8	154245249.947416
3745488397.904985	-11.000000	-7.112500E-8	154657293.497364
3745488397.911841	-11.000000	-7.532500E-8	146033853.302356
3745488397.920119	-11.000000	-7.793000E-8	141152316.181188
3745488397.926815	-11.000000	-7.872500E-8	139726897.427755
3745488397.954728	-11.500000	-9.438000E-8	121847849.120576
3745488398.012587	-11.500000	-9.331000E-8	123245096.988533
3745488398.019777	-11.500000	-9.751500E-8	117930574.783367
3745488398.027550	-11.500000	-9.200500E-8	124993206.890930
3745488398.035513	-11.500000	-9.234000E-8	124539744.422785
3745488398.063458	-12.000000	-1.135000E-7	105726872.246696
3745488398.112463	-12.000000	-1.107500E-7	108352144.469526
3745488398.120286	-12.000000	-1.105000E-7	108597285.067873
3745488398.126447	-12.000000	-1.129500E-7	106241699.867198
3745488398.133382	-12.000000	-1.129500E-7	106241699.867198
3745488398.140230	-12.000000	-1.109500E-7	108156827.399730
3745488398.163226	-12.500000	-1.285500E-7	97238428.626993
3745488398.212365	-12.500000	-1.292000E-7	96749226.006192
3745488398.218307	-12.500000	-1.311000E-7	95347063.310450
3745488398.224165	-12.500000	-1.312500E-7	95238095.238095
3745488398.230058	-12.500000	-1.307000E-7	95638867.635807
3745488398.235003	-12.500000	-1.303000E-7	95932463.545664
3745488398.241118	-12.500000	-1.291500E-7	96786682.152536
3745488398.246951	-12.500000	-1.303000E-7	95932463.545664
3745488398.270227	-13.000000	-1.499500E-7	86695565.188396
3745488398.319759	-13.000000	-1.528000E-7	85078534.031414
3745488398.326755	-13.000000	-1.537500E-7	84552845.528455
3745488398.332728	-13.000000	-1.566500E-7	82987551.867220
3745488398.339698	-13.000000	-1.525000E-7	85245901.639344
3745488398.345681	-13.000000	-1.522000E-7	85413929.040736
3745488398.351668	-13.000000	-1.510500E-7	86064217.146640
3745488398.374612	-13.500000	-1.693000E-7	79740106.320142
3745488398.422475	-13.500000	-1.673500E-7	80669256.050194
3745488398.430456	-13.500000	-1.654500E-7	81595648.232094
3745488398.436441	-13.500000	-1.636000E-7	82518337.408313
3745488398.443421	-13.500000	-1.576500E-7	85632730.732636
3745488398.449409	-13.500000	-1.563000E-7	86372360.844530
3745488398.457384	-13.500000	-1.575000E-7	85714285.714286
3745488398.480322	-14.000000	-1.747500E-7	80114449.213162
3745488398.529205	-14.000000	-1.866500E-7	75006697.026520
3745488398.535459	-14.000000	-1.776500E-7	78806642.274135
3745488398.541176	-14.000000	-1.720000E-7	81395348.837209
3745488398.547145	-14.000000	-1.702000E-7	82256169.212691
3745488398.553421	-14.000000	-1.709000E-7	81919251.023991
3745488398.559410	-14.000000	-1.699500E-7	82377169.755811
3745488398.566439	-14.000000	-1.666500E-7	84008400.840084
3745488398.590365	-14.500000	-1.810500E-7	80088373.377520
3745488398.639246	-14.500000	-1.793500E-7	80847504.878729
3745488398.645167	-14.500000	-1.785000E-7	81232492.997199
3745488398.651110	-14.500000	-1.788500E-7	81073525.300531
3745488398.657187	-14.500000	-1.774500E-7	81713158.636236
3745488398.662842	-14.500000	-1.778000E-7	81552305.961755
3745488398.668975	-14.500000	-1.778000E-7	81552305.961755
3745488398.674801	-14.500000	-1.787000E-7	81141578.063794
3745488398.696743	-15.000000	-1.841500E-7	81455335.324464
3745488398.745622	-15.000000	-1.834000E-7	81788440.567067
3745488398.752594	-15.000000	-1.815000E-7	82644628.099174
3745488398.758578	-15.000000	-1.821000E-7	82372322.899506
3745488398.764575	-15.000000	-1.828500E-7	82034454.470878
3745488398.770567	-15.000000	-1.803000E-7	83194675.540765
3745488398.776529	-15.000000	-1.802000E-7	83240843.507214
3745488398.782514	-15.000000	-1.812500E-7	82758620.689655
3745488398.805451	-15.500000	-1.872500E-7	82777036.048064
3745488398.853475	-15.500000	-1.864000E-7	83154506.437768
3745488398.861309	-15.500000	-1.854000E-7	83603020.496224
3745488398.867437	-15.500000	-1.853000E-7	83648138.154344
3745488398.874311	-15.500000	-1.843000E-7	84102007.596310
3745488398.880253	-15.500000	-1.831000E-7	84653194.975423
3745488398.886406	-15.500000	-1.829000E-7	84745762.711864
3745488398.892222	-15.500000	-1.821000E-7	85118066.996156
3745488398.916487	-16.000000	-1.953000E-7	81925243.215566
3745488398.965346	-16.000000	-1.939000E-7	82516761.217122
3745488398.971333	-16.000000	-1.923000E-7	83203328.133125
3745488398.976996	-16.000000	-1.914500E-7	83572734.395403
3745488398.983300	-16.000000	-1.906000E-7	83945435.466946
3745488398.988961	-16.000000	-1.903000E-7	84077771.939044
3745488398.995088	-16.000000	-1.901500E-7	84144096.765711
3745488399.001078	-16.000000	-1.901000E-7	84166228.300894
3745488399.024238	-16.500000	-2.024000E-7	81521739.130435
3745488399.072738	-16.500000	-2.016500E-7	81824944.210265
3745488399.079719	-16.500000	-2.006500E-7	82232743.583354
3745488399.086709	-16.500000	-2.009500E-7	82109977.606370
3745488399.092686	-16.500000	-2.011000E-7	82048731.974142
3745488399.099681	-16.500000	-2.012500E-7	81987577.639752
3745488399.106648	-16.500000	-1.998000E-7	82582582.582583
3745488399.129943	-17.000000	-2.102000E-7	80875356.803045
3745488399.178477	-17.000000	-2.080500E-7	81711127.132901
3745488399.185435	-17.000000	-2.086500E-7	81476156.242511
3745488399.191488	-17.000000	-2.074000E-7	81967213.114754
3745488399.198462	-17.000000	-2.063500E-7	82384298.521929
3745488399.205454	-17.000000	-2.059500E-7	82544306.870600
3745488399.211366	-17.000000	-2.048000E-7	83007812.500000
3745488399.235482	-17.500000	-2.136500E-7	81909665.340510
3745488399.284493	-17.500000	-2.127500E-7	82256169.212691
3745488399.291406	-17.500000	-2.120500E-7	82527705.729781
3745488399.297136	-17.500000	-2.119000E-7	82586125.530911
3745488399.303268	-17.500000	-2.118000E-7	82625118.035883
3745488399.309418	-17.500000	-2.105500E-7	83115649.489432
3745488399.317416	-17.500000	-2.101000E-7	83293669.681104
3745488399.341332	-18.000000	-2.218000E-7	81154192.966637
3745488399.389031	-18.000000	-2.231500E-7	80663231.010531
3745488399.396893	-18.000000	-2.214000E-7	81300813.008130
3745488399.403074	-18.000000	-2.198000E-7	81892629.663330
3745488399.410131	-18.000000	-2.188500E-7	82248115.147361
3745488399.417088	-18.000000	-2.180000E-7	82568807.339450
3745488399.425082	-18.000000	-2.184000E-7	82417582.417582
3745488399.449729	-18.500000	-2.375500E-7	77878341.401810
3745488399.498621	-18.500000	-2.579500E-7	71719325.450669
3745488399.505853	-18.500000	-2.726000E-7	67865003.668379
3745488399.512565	-18.500000	-2.252500E-7	82130965.593785
3745488399.519562	-18.500000	-2.262500E-7	81767955.801105
3745488399.526535	-18.500000	-2.250500E-7	82203954.676739
3745488399.533505	-18.500000	-2.249500E-7	82240497.888420
3745488399.556446	-19.000000	-2.336000E-7	81335616.438356
3745488399.605445	-19.000000	-2.327500E-7	81632653.061224
3745488399.612483	-19.000000	-2.324000E-7	81755593.803787
3745488399.618458	-19.000000	-2.321500E-7	81843635.580444
3745488399.625479	-19.000000	-2.344500E-7	81040733.631904
3745488399.632458	-19.000000	-2.334000E-7	81405312.767781
3745488399.640219	-19.000000	-2.316500E-7	82020289.229441
3745488399.663478	-19.500000	-3.009500E-7	64794816.414687
3745488399.712223	-19.500000	-2.785500E-7	70005385.029618
3745488399.718311	-19.500000	-2.985500E-7	65315692.513817
3745488399.724163	-19.500000	-2.999500E-7	65010835.139190
3745488399.729148	-19.500000	-2.562500E-7	76097560.975610
3745488399.734968	-19.500000	-2.768000E-7	70447976.878613
3745488399.741117	-19.500000	-3.585000E-7	54393305.439331
3745488399.746933	-19.500000	-3.933000E-7	49580472.921434
3745488399.770219	-20.000000	-2.744000E-7	72886297.376093
3745488399.818743	-20.000000	-2.748000E-7	72780203.784571
3745488399.826017	-20.000000	-3.143500E-7	63623349.769365
3745488399.832723	-20.000000	-2.931500E-7	68224458.468361
3745488399.838693	-20.000000	-2.645000E-7	75614366.729679
3745488399.843675	-20.000000	-2.575000E-7	77669902.912621
3745488399.850676	-20.000000	-3.698500E-7	54075976.747330
3745488399.856642	-20.000000	-3.495000E-7	57224606.580830
